2000
227 752 1322 475 475 586 475 896 475 1035 997 475 475 475 475 475 370 138 250 1842 188 1889 475 1095 1983 475 475 475 475 26 1357 475 475 497 1923 1680 475 475 475 1421 475 1107 1891 475 1134 1752 1296 475 475 475 475 475 475 173 1990 475 475 475 475 475 475 475 1609 475 1526 283 368 1954 826 699 1634 1214 629 1558 475 475 1356 79 475 1350 780 475 1078 588 932 475 1367 1464 475 475 475 475 1701 475 1751 475 681 475 475 475 1419 475 475 475 860 1314 662 475 1537 475 630 344 475 475 475 452 1779 1756 475 1591 475 839 239 491 1290 475 1234 475 1530 475 1595 475 475 475 1589 475 205 475 1709 1031 1183 1768 58 427 475 998 475 1564 475 475 475 648 475 475 364 475 1213 475 475 671 475 475 475 1488 1571 475 475 475 211 475 475 475 475 475 475 475 325 475 475 475 475 475 475 789 305 475 1496 475 1053 1784 1201 1676 475 475 769 1608 475 475 1123 475 1919 1044 475 759 627 475 1453 475 475 475 1329 475 475 475 714 1285 475 1210 1311 475 1679 253 475 475 108 299 1977 475 1808 475 475 475 1328 475 475 1489 1667 475 613 1117 475 409 1835 475 475 246 475 475 475 1221 52 475 544 126 475 664 475 805 475 1690 902 1965 475 475 1707 475 475 475 952 475 553 475 413 1061 905 1560 475 475 475 475 728 867 1924 1455 475 475 978 475 1405 75 1189 475 1255 475 1089 475 475 475 1856 1436 475 1723 1097 475 1072 475 587 475 475 1760 1943 15 555 1337 475 589 475 248 808 475 1026 475 492 549 475 1580 1167 1273 420 203 475 1529 778 1380 1775 475 1585 1338 475 1355 475 475 1521 983 1498 475 327 475 1381 719 475 475 475 943 475 475 1727 475 475 475 475 939 475 475 475 336 475 475 453 1145 475 475 1992 475 391 198 859 421 1678 1007 790 475 475 93 437 475 475 475 670 475 475 475 475 1790 209 475 475 1836 475 1401 475 1219 1795 475 124 1904 1363 475 355 475 693 1876 1627 475 11 475 260 475 135 745 684 475 475 475 475 989 1154 475 1228 475 919 1966 276 475 1001 1848 1518 475 1828 147 1547 597 475 1378 1732 1615 475 475 475 1140 424 475 1462 475 475 356 645 475 1536 475 907 225 475 475 475 475 475 475 475 475 394 388 361 1963 1543 1032 158 475 475 1670 928 810 475 1009 600 1058 1797 475 475 475 1921 1 1661 118 475 475 475 475 475 479 359 475 475 475 475 475 743 155 1321 1325 85 259 64 475 796 475 1505 475 475 475 475 505 475 1144 1534 1254 1807 389 287 475 695 551 1137 903 475 1497 1834 475 475 777 1227 475 1159 475 475 475 475 1605 475 475 475 475 475 475 1734 521 335 1096 1681 1864 395 475 475 475 475 475 475 423 475 475 1631 1225 1289 439 475 475 475 857 1048 269 475 1175 475 214 944 475 1917 1931 875 1472 475 1837 880 475 559 1746 475 475 475 475 475 689 475 1854 475 495 1318 475 1513 1728 1623 475 1156 475 475 337 475 475 475 1579 1961 475 874 1410 467 475 475 889 1383 475 475 1575 475 475 1087 1261 475 475 1299 475 132 475 475 1915 724 475 475 475 475 948 18 475 475 1169 475 475 475 715 656 1805 475 475 659 475 475 91 1683 1084 475 475 76 475 884 475 161 1669 1391 1731 475 1353 475 710 1458 1081 475 1822 475 475 323 475 144 396 475 475 268 475 573 475 675 1077 69 1388 475 475 475 475 475 1218 475 475 604 475 10 475 1999 1829 475 475 104 475 475 966 475 920 1037 694 475 308 475 1000 1188 475 330 1465 1806 475 1672 514 475 208 475 1083 475 1232 1972 475 1887 624 475 475 475 1551 473 475 475 1753 475 1671 112 1467 475 249 475 1394 146 647 475 431 278 475 849 215 475 475 475 475 475 475 475 324 475 475 475 475 475 556 1108 293 475 475 475 475 475 9 475 475 232 475 1687 475 475 475 1556 539 475 475 811 475 351 1165 763 475 1186 475 1950 475 475 2000 1446 1502 170 475 501 475 284 387 475 1018 475 475 1348 475 1902 949 720 121 274 1761 475 1880 475 475 475 475 475 475 1739 622 43 1317 566 475 475 821 378 475 475 475 1803 825 568 1665 148 1247 475 1046 475 475 475 475 475 774 1354 1839 969 475 475 475 1821 475 475 6 475 475 475 1815 475 371 331 475 17 475 475 475 475 475 475 595 1257 475 444 475 564 1223 475 475 475 475 660 475 475 1763 605 618 475 1441 475 475 475 1231 1684 475 475 258 1470 475 1390 1911 475 1306 493 475 475 1636 475 1438 722 475 475 1494 81 475 475 475 475 1663 1068 758 475 475 475 666 475 1334 851 475 296 475 827 475 475 1725 1706 475 475 475 475 402 1892 475 1423 475 1853 475 475 475 475 475 457 1125 475 475 1557 891 1909 1949 1957 475 475 475 475 471 199 41 475 475 900 1105 1903 1906 601 475 475 475 475 475 316 475 360 189 475 475 634 475 475 475 352 475 475 256 475 941 475 475 237 240 475 475 475 475 475 475 475 475 1060 475 475 140 475 475 484 1480 1816 1133 475 1653 1364 475 475 965 1841 475 475 475 1619 475 653 475 475 475 475 1382 475 1212 475 475 475 721 475 475 231 475 475 114 1425 200 942 475 696 270 1128 480 475 475 475 300 475 475 475 475 1959 475 546 1312 1170 428 475 723 120 80 1182 1660 475 1112 1075 868 865 475 451 1689 219 475 475 475 475 477 475 475 475 475 686 475 45 1310 137 1604 475 475 475 475 475 1451 475 475 1606 103 554 1908 1851 744 475 1577 1008 475 1825 266 475 1705 475 1598 475 475 475 475 475 475 1194 1047 781 475 475 1532 1622 475 1819 475 475 475 1933 475 475 66 475 535 475 475 1276 475 475 1079 475 475 450 475 475 792 475 475 475 475 1343 475 475 475 475 475 475 1155 191 475 475 475 475 1197 1335 475 4 310 475 475 843 125 1792 475 1313 179 487 1237 475 251 475 840 1515 475 475 400 475 63 1799 1466 775 475 1932 338 475 475 1978 475 1569 1878 475 1402 475 1104 475 1399 475 475 961 475 475 440 475 304 475 1193 475 475 456 475 62 475 1200 1980 475 475 475 1120 1131 683 1939 475 475 475 475 1206 475 661 475 475 475 625 475 475 475 475 475 475 475 109 475 1559 267 475 475 145 1967 28 414 475 475 475 475 1997 228 475 475 475 1431 475 1644 475 241 475 918 172 233 73 475 475 912 727 475 475 1063 1666 475 1430 475 475 475 1080 955 1700 1745 7 475 415 1207 626 475 1662 509 610 475 475 475 1057 739 915 1283 113 475 475 475 475 475 1886 1118 475 475 341 320 475 475 475 1017 475 38 475 475 747 650 697 475 1882 1088 1814 475 475 475 1800 475 1136 1697 475 475 540 475 223 475 475 475 475 475 475 475 779 475 1833 1766 475 475 461 475 475 475 835 475 1508 914 475 475 580 1278 475 410 558 767 475 475 475 475 475 475 475 1070 98 475 475 585 105 475 475 526 475 475 39 679 1982 475 1366 57 1883 475 475 475 680 475 342 475 475 475 475 823 475 23 475 475 280 475 957 1198 475 475 475 560 475 475 475 475 475 475 532 475 475 488 475 475 1511 475 1308 177 1473 475 1287 475 1349 1181 475 836 475 1187 475 738 1944 401 475 475 475 1284 1240 475 1651 1111 224 1843 475 242 1215 768 1884 1844 1303 475 24 1412 502 1362 1747 475 1002 782 475 475 1970 74 475 1370 819 1420 1888 475 475 475 475 475 475 1267 475 1659 475 866 475 475 602 1542 1975 475 1846 1292 615 474 365 904 1574 1901 37 475 475 1379 475 475 475 8 1102 475 475 581 569 475 616 1481 475 42 71 475 1773 906 417 1555 1297 994 1985 807 475 1798 1694 475 1064 475 475 1823 475 475 475 475 475 1043 475 475 802 1621 475 1570 974 788 322 475 852 988 475 829 1021 649 1769 878 475 842 475 853 837 784 475 475 475 1688 475 454 475 620 475 654 1408 94 475 1248 475 909 1478 1740 475 1711 765 856 799 882 570 1533 1868 1168 701 1788 475 475 536 475 475 1783 1475 527 475 134 175 822 1593 803 475 475 475 1014 475 1272 522 475 475 740 1607 475 252 475 475 475 475 429 160 489 1941 475 1434 485 475 1774 996 500 475 1119 1504 1184 475 377 475 1151 1778 475 711 524 685 668 475 475 1459 475 475 475 475 475 475 475 475 475 475 528 845 475 475 475 475 1099 1618 475 1750 306 475 475 475 571 1236 2 406 475 475 1493 475 475 475 475 1546 475 1648 475 475 475 582 475 1935 504 475 475 475 475 475 475 733 475 926 235 475 475 475 475 475 534 475 475 475 475 1594 204 385 475 517 475 991 1253 475 1226 56 475 139 1400 1588 475 990 475 475 475 475 1562 475 475 1748 1870 1647 475 547 1578 475 481 475 475 1039 475 603 1720 1818 475 1016 213 475 475 1600 475 475 1682 475 1142 475 475 475 475 897 475 1113 813 448 178 977 1085 475 475 475 925 881 475 947 591 475 1861 475 1347 475 475 475 475 1587 475 1442 84 824 475 1485 404 475 475 475 475 475 475 475 1695 475 1826 475 1274 1776 838 1625 1150 1233 475 475 475 1928 116 1817 193 1702 475 816 475 475 475 475 533 475 475 475 475 475 1022 358 1418 475 1981 319 475 475 1910 475 475 475 475 475 475 475 1433 475 475 291 729 381 32 475 166 475 1718 1199 475 475 609 475 475 475 151 475 475 475 992 475 1445 475 475 475 288 1565 475 577 332 793 760 1995 392 475 475 475 475 475 945 354 475 1195 1729 475 608 640 1298 475 1028 1487 1772 1444 475 1375 475 475 475 475 475 1406 1677 475 1544 1946 475 475 475 475 751 475 1582 1147 475 475 1265 475 475 475 475 475
588
1142
536
1102
1708
30
840
1376
480
1970
204
1832
1261
1373
11
205
1695
379
1132
708
1671
628
1231
507
928
1081
275
1671
1859
1603
216
140
142
491
450
1367
457
1723
1791
77
903
1677
1708
40
602
701
459
1822
81
83
1374
321
1240
1398
1514
446
1697
1527
1888
1650
1334
1920
1336
838
1972
1962
691
476
1787
456
1738
1035
584
863
899
1325
329
1104
1641
850
237
72
1401
10
473
1516
632
1740
1439
962
1504
794
1707
1
1799
313
864
1802
731
337
1269
753
624
21
1462
937
169
1621
1462
1648
1338
616
596
1838
1064
1121
1022
735
742
1590
421
1995
1974
1629
1743
484
998
31
85
1518
106
146
435
1558
1332
1111
1570
1557
1215
19
437
1107
1886
1788
1026
1963
1261
794
1094
651
825
1326
148
1690
543
924
1860
531
940
283
240
1532
55
508
1208
1215
1835
1627
968
47
1807
1278
1529
269
1558
412
1505
850
1556
1643
442
1704
531
1733
409
1923
129
587
1332
462
1941
1706
1557
333
1513
593
1541
1790
395
184
303
1983
1767
18
334
1832
97
415
780
1637
1450
1816
125
1582
246
1254
1966
282
748
1543
909
1010
184
927
343
177
1691
427
1135
1041
389
326
1244
462
1467
948
87
780
349
1290
590
752
854
1125
1135
400
1974
813
1137
1847
1363
1921
395
303
190
1106
1611
916
854
1506
221
1107
256
1509
260
1474
319
81
716
1784
226
302
1844
143
284
221
141
1204
1580
1125
1699
1984
281
1483
677
765
561
1550
820
1297
1951
595
1220
1879
1518
920
1862
350
515
666
1313
316
1180
1163
882
1269
676
501
376
1818
1572
1388
1653
799
862
1730
432
69
1673
78
1665
1020
813
1941
139
1328
1025
1576
1849
1971
307
955
431
1309
1222
1694
1099
1856
1905
571
1110
258
628
318
78
728
1172
509
912
862
122
1522
671
19
762
537
225
381
1025
513
493
1909
293
1791
1963
803
1617
140
1057
1554
72
1096
1606
1792
999
899
1698
1643
1290
1212
1507
840
189
1455
116
316
1137
218
525
686
1165
568
1580
1707
1902
274
866
350
262
1773
321
1304
818
1843
1743
1863
821
1098
329
1665
1858
1226
940
227
36
610
420
1369
2
274
54
437
1026
55
1981
1569
107
1256
1610
1806
1876
1013
1925
1712
934
207
1969
1703
1584
1489
219
313
1523
1094
1444
1484
1834
215
299
946
1615
527
1388
1790
1704
1480
491
1573
1634
1888
986
1044
65
1648
921
1621
1709
109
251
1242
1647
786
624
1123
403
1522
1584
629
1017
529
760
809
196
1546
644
494
345
1965
1843
636
1529
1322
607
807
1981
838
1754
1414
882
803
1205
492
548
1653
826
585
596
699
1400
8
734
287
1043
534
328
952
804
1917
1340
1299
1615
1256
1644
936
1599
532
1106
1177
1111
1440
254
1068
1969
139
65
1007
866
1223
433
593
192
1414
1561
291
1678
1849
1220
1098
236
480
1836
1905
1565
1157
663
1146
1082
1885
898
835
847
282
1322
1457
474
195
275
515
1051
772
500
1950
1317
378
1482
305
83
1851
260
445
963
1076
623
984
719
888
441
1634
1552
1757
875
42
287
1043
273
1046
1903
579
1585
734
700
207
673
290
1415
112
333
415
1373
1377
1177
1460
623
431
487
993
1100
1271
1457
1895
461
766
920
1343
835
1293
616
1917
43
1169
293
299
1432
1382
1205
644
700
993
1369
589
1519
511
445
127
1767
1068
1646
1641
1650
1803
1338
242
1884
957
433
1959
1613
1890
141
1960
1873
1531
440
730
758
389
1588
588
426
1109
898
1408
641
97
1579
1350
1138
1878
769
691
1228
501
1218
1575
1667
284
684
1463
1901
1547
522
1311
1551
592
1240
1856
971
1223
394
639
759
1259
833
1417
1644
1344
764
1359
1246
1561
1000
237
1674
947
328
815
1608
604
246
508
1384
1378
1390
1344
211
1145
1663
1493
1378
429
969
528
561
682
1948
1418
651
559
1931
654
556
1952
901
1785
1455
1812
1100
1895
131
524
1649
1748
1228
1335
1427
828
1217
1263
1834
1123
1619
493
541
1417
941
1239
1504
375
766
1585
874
412
1055
948
406
1163
211
925
1296
376
620
584
1664
697
378
84
226
1132
261
980
722
1315
131
765
742
983
1351
347
1124
271
1350
366
1477
984
1211
1229
73
1656
1110
169
1460
123
1217
726
258
987
1983
1788
913
1077
728
1766
1787
1551
1825
379
409
592
667
1814
1109
1737
1411
485
666
834
797
35
1095
936
453
1157
190
340
1093
1901
1673
987
11
71
1724
432
451
1807
42
1639
1652
625
641
1276
1514
384
105
1602
1139
370
934
997
1839
1927
240
239
689
419
999
855
1333
863
1305
1649
385
307
1062
1906
680
1806
327
1794
1199
1959
1633
1126
744
405
1651
941
1009
1075
1809
477
769
1835
695
909
1667
1377
1510
1404
1007
1660
440
1633
768
1631
1871
602
1666
606
1860
823
1520
276
324
88
713
1363
30
1876
1674
1593
1242
954
1079
1136
215
715
1991
1212
54
985
1495
302
142
68
1448
954
1838
439
311
849
1074
189
305
580
1946
543
1502
744
682
1680
129
1186
1448
120
699
1890
295
582
724
1299
1352
809
482
17
2
1935
1404
849
1358
1270
1923
1474
323
1278
1252
536
572
413
532
1686
1419
860
148
411
689
1315
357
606
1583
20
1603
912
590
874
1480
1659
1013
994
756
1079
557
1980
1263
310
1318
1510
1995
486
369
1400
1587
771
1234
833
1887
510
500
1186
1945
819
1928
1782
946
311
645
1148
1244
1737
1939
1903
1410
1104
1336
701
195
1757
1411
573
1622
473
680
485
1576
914
74
1062
733
650
1825
1121
236
1593
557
1950
1569
117
1602
1863
1764
511
635
394
855
654
1001
1293
585
405
510
253
116
1962
1818
384
1046
407
512
1750
323
1145
1091
787
22
873
818
955
973
77
1724
1237
1282
1264
486
1940
815
1520
1057
1701
1778
1607
1784
663
1489
1047
1678
1877
1343
1292
913
475
1159
992
1162
1191
74
1566
472
10
1143
1738
1298
820
1080
1971
533
1555
1730
492
472
985
377
1264
69
199
68
1573
300
574
1385
541
1419
332
659
1989
1415
444
1661
155
613
402
1183
1362
421
1799
639
1712
1316
578
45
1953
1512
1252
998
740
1794
1270
873
1588
1143
891
1685
979
343
1756
118
1640
1552
1885
1074
1055
1435
1847
1627
764
1687
1408
93
1877
1139
481
760
759
1687
482
756
335
6
327
233
579
886
1809
888
1044
1482
330
799
1887
1234
349
1804
426
772
314
1991
1282
1431
1010
1213
1486
1230
1846
1450
695
1249
251
20
1754
1606
160
1880
143
1198
1431
1239
155
1543
925
1198
752
1660
1550
1819
1992
1666
1581
93
1136
1523
265
1733
1051
1211
1635
823
1017
1739
1041
513
413
1410
930
1362
533
526
673
629
375
1116
678
1556
1922
1328
1216
1875
738
1099
1607
1158
1358
1688
711
1496
1656
202
1839
1652
370
1064
560
528
476
560
1565
46
787
427
716
1693
904
1688
1782
1509
1199
916
1318
1539
1804
1009
831
1554
1694
1516
1321
1693
1880
283
484
1385
1614
1646
481
745
1076
1271
494
1691
836
1335
1207
250
1050
667
471
901
1268
1566
340
713
1000
524
123
747
3
1191
1382
312
35
859
124
731
1773
621
202
1980
1351
1233
3
191
1488
635
1150
864
507
1608
1723
719
289
848
658
1581
708
1372
1949
1837
1949
725
1690
1530
1579
1313
1572
95
441
118
636
980
262
1180
1259
477
1729
1664
904
1967
1101
1442
253
201
558
831
1229
738
380
335
573
1517
1906
1390
1611
101
947
201
1629
527
1491
435
1530
1501
1822
861
1071
1637
1488
1075
1732
735
334
67
1871
1159
733
85
1082
986
1297
290
1491
928
1342
1231
1858
229
957
625
70
1920
587
1802
281
1645
457
326
1512
1555
124
737
1623
768
177
1748
222
1952
330
797
1443
578
610
338
1785
47
1086
1878
451
45
1547
851
1697
1578
810
1440
25
1827
1038
891
1349
1477
555
1020
398
319
1886
1635
1875
1042
1685
419
1493
959
1965
730
1091
1967
810
373
555
621
517
229
1086
1340
1116
1042
1695
1507
1928
1348
1497
1960
474
1505
1506
1819
21
1526
273
825
1709
24
659
152
1617
144
6
310
135
1359
84
1639
1750
1706
1740
1246
417
1292
771
828
67
1022
1989
1616
1339
1698
471
407
205
1325
144
109
715
101
1927
992
439
289
1486
997
1651
160
225
1686
362
106
146
931
1207
271
1304
420
1162
105
1093
1463
1428
1531
668
1296
46
952
609
1484
261
1237
117
1268
1614
821
837
1071
1836
1846
191
702
859
1862
574
63
1948
517
788
668
1080
34
1218
385
192
1096
381
1701
1502
745
1254
314
1779
1619
1526
836
1631
692
1334
726
753
678
1204
442
1827
256
1222
525
243
724
620
1309
861
571
362
40
879
216
1532
475
737
411
276
1946
1047
250
300
1780
1541
22
1527
1483
1599
879
1169
120
380
1729
860
1401
1050
1792
1616
222
63
1922
1140
512
807
1803
675
609
1570
1213
1101
1216
1605
403
613
312
1174
1939
1443
762
921
125
111
872
937
1126
1921
959
80
227
811
1438
1398
135
347
71
930
1553
556
671
218
324
137
804
1226
152
1165
604
366
164
400
1148
461
269
1931
1497
722
243
537
337
18
1367
1150
1590
1546
1645
1183
185
963
847
459
31
219
88
417
1699
354
1623
675
1305
650
632
1511
522
725
851
748
889
456
8
1539
1816
187
1342
683
233
1844
740
1519
318
354
1935
377
658
1352
826
1879
1575
254
1467
1814
1583
164
979
1095
122
889
1680
165
87
453
1613
1376
994
265
540
1038
1495
17
1873
369
1501
1837
112
1138
332
1349
487
1316
1317
1348
1553
444
1418
1321
1945
295
1435
1333
848
1102
1909
747
196
611
1276
686
1249
1548
1578
968
1812
1780
886
1438
529
875
1384
660
1311
127
436
36
1233
1298
1953
402
436
1815
509
111
927
239
1884
684
1851
165
1677
572
1140
1428
1230
344
676
1966
1035
582
73
819
969
611
1610
1859
1124
692
1703
185
429
1511
1142
137
1970
589
187
406
95
1548
702
645
24
66
70
345
373
1001
1587
1605
1663
450
758
107
1077
534
204
1640
1992
660
834
1439
25
962
1208
595
1158
242
558
338
1427
1374
1517
1146
914
559
1972
677
1984
788
1513
1756
1925
1778
1172
1764
80
568
837
1339
903
1442
1647
344
1659
1902
291
1739
931
1081
711
1732
34
971
1622
446
1951
157
548
973
1496
580
786
526
607
199
683
1326
157
1432
1815
1444
1582
357
1174
872
540
43
697
1661
983
811
1766
924
398
1372
1779
