2000
11 25 20 23 40 18 36 25 4 13 19 1 38 40 19 33 42 26 29 41 36 26 44 33 31 11 5 4 17 3 33 41 28 35 12 3 37 5 18 21 8 20 38 28 9 8 41 27 28 41 30 32 21 3 10 21 6 8 6 16 43 9 26 41 41 19 42 38 27 9 38 23 34 42 11 20 9 10 41 40 14 19 16 23 13 11 12 36 43 23 25 19 16 24 7 41 6 24 21 5 15 22 41 24 18 8 44 21 15 37 42 40 15 19 34 26 31 20 34 5 12 6 37 16 35 42 10 42 15 6 15 43 28 15 16 5 24 28 34 22 41 1 44 25 15 33 22 16 34 13 29 3 6 40 41 30 18 3 3 9 30 9 27 7 36 39 28 7 41 37 34 6 28 36 28 16 21 2 36 22 22 24 22 1 37 12 37 7 44 31 16 44 39 39 28 42 3 3 23 40 15 16 11 1 32 44 14 17 6 13 40 13 9 37 32 26 40 3 8 22 31 36 14 31 23 44 38 42 8 11 34 26 22 19 11 19 16 44 12 7 39 29 23 21 42 7 32 3 39 16 30 34 14 27 39 29 12 9 13 15 30 19 1 21 5 43 25 20 23 22 12 4 25 24 17 28 19 42 35 14 16 23 42 28 29 7 33 4 31 16 7 35 12 39 6 35 37 2 42 36 11 24 38 2 6 10 4 26 24 34 34 38 29 21 9 12 25 41 17 44 24 27 4 10 16 31 33 43 20 15 32 13 43 19 18 30 44 29 14 28 13 40 40 20 1 20 24 11 14 15 37 30 34 1 41 37 20 37 13 26 12 36 37 10 11 24 17 35 24 34 6 32 42 27 29 4 1 19 44 25 38 36 32 41 18 32 18 8 12 22 3 29 12 27 4 20 24 8 27 23 20 38 29 7 16 25 6 4 28 38 27 13 22 39 22 42 9 15 38 23 24 4 35 44 40 29 2 3 2 25 14 33 28 36 7 10 14 21 14 17 1 18 10 28 20 24 25 30 15 6 28 38 7 10 27 41 8 27 16 29 26 3 30 12 24 29 6 4 35 20 12 19 10 32 15 15 14 25 18 32 20 26 42 29 22 6 36 40 29 32 18 4 10 41 26 18 24 39 22 11 28 32 37 22 22 10 30 5 15 28 21 1 20 16 4 3 43 4 6 1 12 43 8 24 36 12 23 10 42 14 23 26 39 27 19 23 33 5 37 30 5 26 26 13 37 19 26 18 40 11 16 10 18 25 25 37 25 40 1 29 16 34 44 29 31 39 15 39 11 27 35 19 27 7 38 10 29 5 13 16 10 32 43 42 44 42 13 10 41 18 26 35 13 2 39 38 23 33 6 22 20 36 23 11 25 6 21 8 25 22 18 41 1 33 22 29 18 35 8 4 2 41 39 38 24 20 23 28 17 12 2 15 20 7 25 39 22 31 19 26 15 4 28 17 36 37 26 20 22 32 37 30 44 34 32 20 17 34 8 21 7 2 7 25 1 7 9 39 40 4 13 4 39 38 31 14 16 3 21 39 14 44 14 40 42 42 44 39 17 26 22 34 25 17 27 16 19 44 27 4 40 31 5 13 14 44 41 23 27 39 35 5 5 35 28 10 31 1 35 38 17 10 14 38 20 11 11 38 42 12 37 20 7 20 22 23 12 29 33 15 31 23 23 44 13 10 27 18 38 9 3 19 14 39 8 31 12 8 24 11 24 34 1 43 23 20 44 33 34 30 40 12 3 39 26 4 35 10 37 4 33 9 25 33 5 17 32 17 28 28 33 37 18 32 17 43 5 7 16 37 8 43 15 40 7 8 6 11 34 6 14 25 14 16 5 35 44 5 29 37 19 33 37 42 20 17 9 36 30 19 15 10 37 28 19 3 23 5 13 39 9 10 11 21 33 34 11 38 35 9 12 4 2 4 43 11 14 7 33 24 1 36 40 19 8 10 2 11 39 29 8 19 28 27 44 35 5 18 1 6 35 7 29 32 8 42 1 13 38 3 17 17 33 8 32 10 8 14 7 20 11 22 34 7 29 30 14 6 2 30 23 15 32 32 7 21 27 9 42 13 11 12 30 12 20 17 31 18 23 11 17 2 40 40 31 35 19 34 15 40 2 5 12 19 19 4 6 38 38 17 42 11 31 9 43 6 34 35 24 18 35 13 18 15 17 44 32 9 33 30 3 35 14 14 27 6 17 42 23 13 24 44 38 29 42 31 8 29 36 24 3 27 12 41 4 32 17 25 44 2 25 44 44 9 21 18 29 20 14 17 18 32 2 33 41 31 43 21 20 2 10 29 42 36 3 12 32 32 31 34 24 24 16 42 37 18 26 25 36 15 44 28 20 35 28 41 41 2 39 14 29 1 28 14 33 26 5 28 6 36 4 3 16 15 17 34 36 2 20 24 22 24 12 31 14 31 41 20 20 28 21 1 17 30 2 21 6 37 43 19 18 28 5 4 22 40 40 19 32 18 32 18 9 38 26 3 11 32 12 36 9 13 25 7 7 42 7 24 1 4 2 41 9 35 7 31 19 41 38 4 12 25 16 1 39 33 37 38 31 43 10 19 39 37 25 8 43 32 26 42 14 4 10 5 39 11 10 41 31 16 37 38 4 3 33 9 13 27 16 29 11 18 2 25 19 9 9 41 21 17 21 24 2 36 41 30 22 15 36 31 22 11 1 37 22 44 43 20 5 6 7 30 17 27 38 9 5 26 10 11 22 11 13 33 9 13 14 11 5 38 2 35 10 29 5 13 4 27 27 22 35 7 22 26 10 23 27 6 15 3 21 34 18 11 3 40 36 23 4 39 15 16 39 18 12 25 40 7 33 40 22 33 18 42 1 28 9 32 23 3 36 27 42 2 28 31 5 16 19 33 12 1 31 27 42 39 29 26 2 28 8 33 27 30 27 7 13 17 22 24 7 43 43 44 13 35 35 27 20 2 28 17 2 13 5 23 23 5 24 38 31 18 28 40 22 38 41 34 14 40 20 11 37 29 29 31 41 30 31 32 22 3 16 30 30 4 33 10 6 44 2 2 4 8 3 6 41 30 1 44 13 38 2 11 32 36 38 1 27 43 29 27 16 34 10 10 25 3 34 16 35 3 38 21 4 43 36 30 44 43 33 8 7 28 29 40 43 31 43 28 34 43 26 4 36 5 28 39 12 20 23 34 39 32 36 42 5 40 39 23 1 39 39 13 31 40 41 24 39 34 12 20 9 39 10 30 37 35 36 29 28 12 42 17 16 21 24 10 30 21 22 32 3 19 24 36 7 8 25 35 5 39 11 11 42 38 16 34 3 3 19 16 26 34 19 34 40 22 5 1 36 2 34 24 15 30 18 25 38 40 12 26 6 14 16 39 1 36 19 37 13 29 16 25 17 16 5 44 8 20 44 7 22 33 10 8 32 41 17 9 44 24 31 35 42 1 43 38 38 26 43 42 35 3 13 15 44 11 34 5 36 22 7 28 22 6 17 13 40 20 12 11 17 42 1 37 27 27 8 17 43 24 12 43 40 25 43 9 39 41 29 33 42 33 5 23 30 18 34 4 26 28 25 21 23 18 39 32 2 30 38 17 40 42 9 30 8 38 21 39 43 13 41 28 34 14 21 13 21 33 37 42 26 32 38 19 31 38 4 29 5 14 6 34 10 27 44 26 33 43 44 18 26 34 34 41 8 8 3 23 9 37 23 26 37 22 26 15 31 18 18 32 23 2 11 5 43 24 19 42 20 9 21 33 19 6 2 41 31 1 2 26 29 11 2 37 33 11 25 7 25 12 15 4 20 33 27 32 8 14 30 37 31 37 35 24 36 26 2 16 24 31 8 24 13 1 37 33 40 2 27 43 14 28 18 3 32 10 26 12 35 31 3 4 7 9 4 16 1 25 12 1 12 4 1 37 41 34 29 6 1 36 8 15 10 9 38 16 1 24 18 43 30 11 17 33 36 30 23 37 26 3 3 14 6 38 21 39 33 18 30 35 24 40 43 10 30 15 21 27 14 43 1 23 25 19 14 29 11 21 29 30 21 34 23 41 4 16 4 21 19 5 32 43 3 36 35 10 40 23 28 2 30 20 15 32 7 8 39 9 28 38 14 14 29 40 33 8 36 41 6 15 7 25 27 9 17 24 7 6 9 8 14 12 11 5 27 1 23 14 23 24 26 36 32 33 8 43 26 7 21 43 44 21 31 44 3 21 5 26 7 25 27 31 9 36 2 19 21 23 39 30 18 6 21 41 12 21 7 21 5 6 27 1 25 4 35 22 31 31 43 20 25 15 13 43 16 2 36 30 35 10 7 23 21 19 11 17 17 44 22 31 42 13 1 35 40 13 3 12 16 5 44 10 14 21 15 15 6 6 22 30 36 12 13 40 38 38 43 2 30 18 9 6 40 43 25 11 35 17 17 39 10 34 37 2 27 20 13 35 13 9 30 23 5 15 35 26 43 43 14 32 39 34 28 35 8 15 6 2 14 8 28 31 13 19 22 15 8 9
1419
876
1631
87
227
1646
166
598
699
177
1097
1594
257
1915
1067
1488
831
1428
1662
1195
1778
565
1184
900
1149
1042
432
1543
231
487
1166
960
716
1728
1738
460
33
419
1918
1
1959
1573
1651
1601
811
213
1958
1102
1841
38
1759
689
1984
544
1444
613
1824
12
1062
209
1564
912
827
1746
1888
1504
1
727
1302
17
1627
1499
380
1234
618
89
1297
45
993
1
1800
1
107
570
543
191
1
1840
744
1135
1018
1723
897
884
1520
1119
388
694
1811
185
1518
841
755
624
1690
1994
1312
1137
1371
317
737
1642
1609
572
131
329
469
66
433
60
1497
1788
1763
832
1895
359
430
1035
1134
1694
1493
157
1161
678
1045
46
1
1471
65
667
1549
1076
1
363
1456
155
158
864
48
1070
846
345
389
62
1932
1948
769
1328
1
1507
1089
1
1816
390
178
1100
215
1726
1502
1142
1729
1006
1341
1
462
367
28
1261
994
622
398
1636
343
375
1169
1287
205
986
925
1025
326
1183
1908
1770
783
1635
311
1521
35
1194
1469
1870
1709
929
1283
507
882
142
1
361
1372
1531
1
1914
1
239
149
1606
1178
825
1513
352
1968
1360
1425
1
91
723
1859
378
1744
612
99
232
314
1378
224
1445
1365
1085
761
226
926
1113
490
1420
1634
1310
1867
100
1
1345
847
662
1447
561
1561
1967
351
1318
1005
940
440
501
450
1250
849
1
50
1472
739
1429
1
168
590
1790
605
1912
1338
30
1537
1132
1254
1300
372
1405
781
1685
836
474
722
176
1121
887
528
560
376
1785
505
308
1637
196
492
665
412
1
1904
1857
1475
639
1443
1701
1919
132
93
1422
750
661
289
894
301
1769
1924
1240
732
1110
1940
816
358
1317
1237
467
1607
71
538
927
497
1486
479
394
943
1281
961
1946
881
865
1644
1590
1333
577
1891
1454
1257
850
1022
125
1051
1558
350
459
270
870
1226
1613
1828
453
842
619
1916
861
420
1834
1244
1032
1262
1809
844
638
774
1465
183
1269
77
1205
4
1747
1787
250
1185
1030
1031
1503
235
1629
1695
1703
1713
921
1
592
228
446
502
1270
1143
1848
1574
553
685
1552
1204
494
1173
1122
267
1402
1437
985
706
1842
24
1515
1321
924
1704
1163
1412
422
255
1777
1189
1578
600
1452
962
336
1010
261
1680
558
1618
1971
1751
1807
1992
710
508
187
1894
1715
919
480
1361
230
1820
1009
203
54
465
260
762
120
325
871
860
184
1572
1021
1524
1380
1
1905
1784
545
110
1388
1462
596
743
1381
1251
1001
1
1886
1
735
1844
759
742
848
1055
593
1433
113
1529
987
867
707
1761
496
225
392
32
1796
1969
1154
834
37
1
721
1593
1897
1453
327
1401
1200
614
1368
863
281
1
1622
58
102
1798
682
704
1145
1771
687
101
1
1212
607
1350
645
409
905
703
1400
475
1485
1711
285
1936
803
1766
526
1
1
259
1138
668
1413
313
568
772
1955
1319
1106
1996
1159
1696
513
1654
1965
427
1647
86
78
53
1917
1
1525
210
1773
789
534
1245
1928
603
295
1459
117
447
69
920
162
948
449
1376
1272
395
1020
1416
379
222
1421
141
1970
637
192
1978
754
1193
1083
207
1253
20
312
417
669
1247
96
524
720
746
1075
822
1
1641
1812
1116
1689
1044
1
548
904
580
946
214
34
1099
1962
909
1668
1079
438
641
651
1677
1952
95
1941
1825
201
1222
64
1643
1571
712
1126
1786
837
1
1115
945
530
275
1855
852
787
1881
1477
386
517
1289
121
1827
1873
893
1482
111
626
463
1
809
208
1
156
1693
251
393
406
1
1865
1351
1296
418
1327
1616
869
899
604
198
1864
1190
1218
1259
730
1814
173
917
1186
190
954
1041
1754
1966
1435
1275
1290
1776
1322
1
601
425
1
529
1
888
1942
1
777
1288
1672
584
609
1467
564
936
582
292
1427
238
551
347
1271
1556
76
1866
1920
1276
695
587
1210
575
483
1979
171
1879
1344
1048
1764
1902
237
857
1999
1633
229
835
112
880
23
1
1922
1
82
136
1409
1252
562
1068
1
1686
436
980
1224
1347
1854
1197
1423
989
444
858
1576
1232
385
491
602
1440
1947
1851
1114
1765
1407
913
218
1334
1991
1349
503
464
247
339
263
1492
277
718
1202
1587
1
773
1985
1625
1899
1544
321
338
660
382
256
635
711
1512
1657
1095
797
1767
556
341
1620
1487
1885
1066
1511
284
1
932
1386
745
1037
1553
1415
1127
1208
1264
1375
1630
1
1
1249
1292
1939
542
1596
1148
1697
523
154
1233
1682
1181
1494
10
1896
1
298
1658
973
1446
748
952
1669
1141
628
983
1330
559
55
650
369
979
1054
554
217
455
128
1
733
805
21
1050
708
671
280
1882
1340
296
63
318
1
996
98
1461
1084
441
1797
1479
189
1144
243
282
1012
788
75
1949
1583
1626
1403
1373
1975
1495
1460
663
656
381
1002
482
1913
288
1073
1131
1550
493
1450
1878
1707
1255
642
340
1748
1663
1599
31
1735
1023
1150
246
1174
690
1078
1397
153
1783
11
443
457
674
454
399
1
646
1301
717
527
328
1742
1406
1579
473
770
1449
26
1670
164
555
585
1295
1818
1398
978
182
1566
1331
974
1852
1191
1392
310
930
1506
1123
859
1411
435
249
1649
672
680
1900
221
764
826
43
1
1306
923
240
1383
1316
1353
828
918
725
956
891
719
1404
1424
981
1681
415
692
696
90
1640
1
114
1458
1597
1762
1903
489
402
1998
636
233
779
1139
793
972
588
6
315
1177
1619
1352
1758
366
684
1586
1436
174
1239
276
1263
1480
413
768
1794
1164
1088
1201
821
1325
518
423
801
1
885
148
1019
906
344
258
958
1307
1883
1961
933
404
541
408
950
1555
819
1989
1861
1220
878
133
1391
1047
1109
271
1179
1585
1528
199
303
1804
126
129
658
1581
84
1133
1542
1901
1893
673
383
1
1730
1108
1516
14
1165
1227
1103
1567
1448
1
396
1793
782
74
16
135
241
1805
1324
853
1806
1170
886
1043
1
1602
1868
1667
403
414
437
1831
72
1064
557
1
1856
1
790
1990
1698
1995
1953
118
516
984
586
1708
1964
862
955
709
1192
428
1522
1
1466
1061
194
1779
522
1712
1
1065
1860
977
1146
1734
615
968
818
1337
1692
1211
1661
1357
647
80
988
456
1016
130
571
715
1741
52
1207
1457
726
1612
802
1053
145
1
1105
1570
1473
1168
1366
1956
975
1813
640
195
1554
1
324
1167
1118
1080
254
969
901
1678
1
506
1717
1737
1815
85
424
1538
1
1500
370
1755
1090
949
1853
1476
1563
1997
206
1014
631
1
152
1877
728
405
595
1442
1982
1757
1
79
362
1489
1679
1096
1091
1303
765
999
1624
180
1655
1872
1094
39
1410
1582
1355
264
1876
1278
701
346
1
1
1
1484
1536
780
928
81
1387
500
265
1463
1028
1780
1839
1128
1509
331
59
599
756
1687
1157
1808
550
714
776
617
1871
1385
1369
1394
1304
1933
1323
758
1
401
1326
1011
922
355
245
1836
234
448
1944
368
461
426
104
94
42
1215
1057
1
1974
1077
1605
1639
838
1225
287
1060
1305
1706
1336
620
1130
1214
477
938
204
1875
1277
771
1702
1293
283
515
1
911
504
278
488
1156
519
302
365
1342
1098
1705
1548
498
654
1665
971
552
119
729
1
1514
1740
1898
1869
1523
1954
1498
439
794
1243
309
1
1892
268
1
105
92
172
1188
784
691
1058
387
1221
814
1124
320
697
1671
1880
147
1256
643
1431
1363
1508
804
1699
1013
458
1510
1930
2000
1559
304
1659
1160
1438
1782
941
1112
785
484
1963
1451
990
1
799
693
1833
991
1547
219
212
1315
965
103
1248
252
1086
608
1478
1101
1329
1408
1223
138
429
216
22
1377
373
1382
752
1242
139
1890
1470
509
1
108
1279
1491
1
873
934
1545
9
236
1743
356
1
410
1600
1660
293
1343
1648
763
652
1534
1
1418
1299
1241
616
1308
1072
197
623
188
1716
44
1722
1823
1977
1617
655
1046
525
332
753
597
1206
634
1980
741
659
1069
896
1038
1
1666
686
1273
476
57
812
866
1374
573
123
1074
495
546
1092
1
384
1803
1172
589
354
291
163
630
279
290
532
1393
273
1490
738
1464
1674
1935
1117
807
1
514
606
851
1569
1059
61
1313
1595
421
1439
998
434
1604
1863
27
1598
1175
1756
632
963
294
931
143
1367
1589
1849
1684
1093
1
915
316
8
266
815
1217
1034
1180
1000
947
1228
70
1650
15
161
1560
1557
319
300
1
478
134
536
824
1
3
416
845
1455
167
910
1282
944
1608
569
935
1040
1829
371
25
1362
964
1801
937
160
705
253
1379
875
796
1739
698
740
466
169
1832
1760
470
889
452
531
563
1580
1530
1
407
1354
56
2
1231
1775
997
7
244
1749
1799
1176
1309
1426
670
567
397
18
468
1395
1039
1628
1983
895
688
1907
823
537
1911
165
856
1
676
51
713
19
734
242
1348
1
220
1988
700
36
41
633
1781
806
1229
200
151
88
186
1724
1845
1623
1792
335
13
353
736
1216
1976
124
1934
481
1468
146
1027
1527
1
391
1774
1768
1
342
1
1610
1927
1673
1267
535
1182
377
549
902
898
170
1213
1390
1532
1929
1260
1638
1129
976
1199
1719
1817
179
1921
1621
817
883
939
957
115
829
520
67
1592
1710
1909
749
942
778
1291
1551
1087
150
1802
1676
1505
760
1577
908
5
982
840
40
1951
625
547
786
1750
1575
29
262
767
1972
791
890
1664
1837
679
1714
1
122
1483
181
364
579
471
1389
611
995
877
1721
297
1795
914
1850
1
1147
1632
1
1358
540
959
1720
1481
223
499
1004
1732
833
1614
1
1789
583
1258
1
967
512
333
1843
1294
1063
360
1266
1107
211
1003
1691
653
1987
1938
1187
1236
1024
681
1
1937
1588
1203
810
1339
657
357
702
73
1519
1311
1683
1268
1434
1332
1
1370
140
854
1081
795
1196
1274
1417
1162
1925
1298
1111
1033
892
1652
1
1
1052
843
1246
566
1136
581
1158
1008
1432
1546
1772
193
800
411
1
159
1120
649
578
1718
1501
1517
337
629
1584
1056
286
1725
953
1830
445
1957
374
1565
1
521
1847
1430
202
248
1821
1
1945
1910
644
820
1736
1359
879
1015
1540
485
1700
874
1026
299
1923
1884
272
1219
1615
1862
1265
757
305
1049
116
127
1889
798
1950
1314
830
1335
1346
808
1986
322
1235
1835
1017
1
1
451
731
576
330
1238
1356
1
1653
594
872
442
306
349
539
1526
1152
1753
907
1
1198
992
511
1603
1645
683
855
