2000
1 3 4 2 4 3 3 3 4 2 3 3 4 2 2 2 4 2 3 2 4 2 3 4 4 2 2 2 2 2 2 2 2 2 4 4 4 2 4 2 3 2 4 2 2 4 4 4 2 3 2 3 2 3 3 2 3 3 3 3 3 2 3 3 3 3 4 2 3 3 2 2 3 3 4 4 4 4 3 4 2 2 3 4 2 3 2 4 2 2 4 2 2 4 2 4 4 4 4 3 4 4 2 2 4 4 3 2 2 3 3 2 4 3 2 2 2 3 2 4 4 2 3 3 3 4 3 4 2 4 2 4 2 4 4 2 3 4 2 4 3 3 3 3 3 3 3 4 2 4 3 3 2 3 3 3 3 3 4 2 4 3 2 2 2 2 4 3 3 4 4 2 3 4 3 3 4 2 2 4 4 3 2 4 2 3 4 4 3 4 2 2 3 3 3 4 2 4 3 2 4 2 2 4 3 2 3 4 4 3 2 4 4 4 4 3 2 2 2 4 4 2 4 3 3 2 4 4 4 4 2 2 4 3 3 3 3 4 2 3 4 3 3 2 4 2 3 3 3 4 2 3 3 2 2 4 3 4 3 2 2 2 3 4 2 4 2 2 3 2 4 2 2 3 3 4 2 2 2 3 4 2 2 4 2 4 2 3 4 3 3 3 3 4 3 4 3 4 3 2 2 3 3 4 2 2 2 2 4 4 4 3 3 3 4 4 3 2 2 4 3 4 4 2 3 3 2 2 4 2 3 2 2 2 2 4 2 3 4 3 2 2 3 4 2 3 4 3 3 4 3 2 2 2 4 3 4 4 4 2 4 3 4 2 2 3 4 2 2 2 3 2 3 2 2 3 3 2 4 3 4 4 2 2 4 2 3 2 3 2 4 4 2 2 3 2 4 3 4 3 2 4 4 4 3 3 2 4 4 4 4 4 3 2 4 4 4 3 2 2 4 3 4 2 2 2 3 4 3 3 4 3 3 3 3 3 2 2 4 3 3 2 4 4 3 2 4 3 2 2 3 4 3 3 2 3 2 3 3 3 4 4 3 2 3 3 2 4 3 2 3 2 3 4 4 4 2 4 3 3 2 2 3 2 2 2 4 4 4 4 2 4 2 2 4 2 4 3 2 2 3 4 3 4 2 3 3 4 2 3 2 4 2 3 4 3 4 2 2 3 3 2 2 4 3 2 4 3 4 4 3 3 2 2 2 2 3 4 2 2 3 4 3 2 2 2 3 2 2 4 2 2 4 4 3 2 4 2 2 4 3 3 4 4 3 2 4 2 2 2 3 4 2 3 4 2 3 3 2 3 2 4 3 3 2 3 4 3 4 4 4 2 4 4 4 3 3 3 3 4 3 4 4 4 3 2 2 3 3 2 2 2 2 2 4 4 4 4 3 3 3 4 3 3 2 2 2 4 2 4 4 3 2 3 3 2 4 4 2 2 3 4 2 3 3 3 4 4 2 4 2 2 2 3 3 4 3 2 3 2 3 4 3 3 3 4 2 4 4 3 3 4 4 3 3 3 2 4 2 4 3 2 4 3 3 2 3 3 4 2 4 2 4 3 2 2 2 4 2 4 2 3 2 3 2 4 2 4 2 2 3 2 2 3 2 3 2 4 4 2 4 4 3 3 2 3 4 2 2 4 3 2 3 2 2 4 4 4 3 3 4 4 4 4 4 2 2 2 4 4 2 4 4 4 4 3 2 2 3 4 4 4 2 3 4 3 4 2 2 3 4 3 4 3 2 4 3 4 3 3 3 3 3 3 3 3 4 3 2 3 3 4 3 3 4 3 3 4 2 3 4 3 3 4 4 3 4 3 2 2 2 4 3 2 3 4 3 4 2 2 4 4 4 2 2 3 3 2 4 2 4 2 4 4 3 4 3 4 4 3 3 4 2 2 4 2 3 4 4 4 2 2 4 2 2 4 4 4 4 3 2 3 3 4 2 2 4 3 4 3 3 3 3 4 2 3 3 4 3 3 2 2 4 2 2 4 4 4 4 3 2 3 2 3 2 4 4 3 4 2 3 2 3 3 3 3 2 4 4 4 3 2 4 3 4 3 2 4 3 2 4 4 4 2 3 3 3 3 3 4 4 2 4 2 2 4 4 3 4 4 2 4 2 3 2 2 4 3 4 4 3 4 3 2 4 4 2 3 4 4 3 4 3 4 2 3 3 3 2 4 3 4 2 3 4 4 2 3 4 2 4 3 2 3 2 4 3 2 2 2 3 3 4 2 2 3 4 2 2 4 3 2 3 2 4 4 3 4 2 2 3 2 4 2 2 4 2 2 2 2 4 4 2 2 4 4 3 3 2 4 3 2 2 2 2 2 3 4 2 2 2 3 2 4 2 3 2 4 4 3 3 2 3 4 3 2 3 4 3 3 2 3 2 3 2 2 2 3 4 3 3 4 4 4 2 3 4 2 3 4 4 2 4 3 3 4 4 4 4 4 2 2 2 4 3 4 3 2 4 3 2 2 3 2 4 4 3 4 2 4 3 3 2 2 3 2 3 4 3 2 3 2 2 4 4 4 3 4 3 3 2 4 4 3 2 3 4 2 2 4 4 4 2 3 3 4 3 2 4 2 4 3 2 2 3 4 2 3 3 3 2 3 4 4 2 4 2 4 4 2 3 4 4 4 3 4 4 4 2 3 2 2 4 2 3 2 4 2 3 4 4 3 3 4 2 3 3 2 4 2 3 4 2 3 4 4 2 4 2 4 3 4 4 2 3 4 4 2 3 2 4 4 3 3 3 2 3 4 4 3 2 3 3 2 2 3 2 2 4 3 2 2 4 4 3 4 2 2 4 4 3 3 3 3 2 2 4 4 2 3 2 4 3 2 2 2 3 3 3 2 4 4 4 2 4 2 4 3 4 3 4 3 2 4 2 2 4 3 2 4 2 3 2 3 4 2 3 4 2 4 3 2 4 2 3 2 2 2 2 4 4 2 2 3 4 2 3 3 3 3 4 2 3 4 3 3 3 4 2 2 2 2 2 2 3 2 4 2 2 3 3 4 2 4 4 4 4 4 3 2 3 3 3 2 2 2 3 3 4 2 3 4 2 3 2 2 3 2 2 4 3 3 4 2 2 2 3 2 3 3 3 3 4 4 2 3 3 2 4 2 2 3 2 3 4 4 4 4 3 2 2 2 4 2 2 3 4 3 2 2 2 4 4 3 2 4 4 2 3 3 3 4 2 2 4 2 2 2 3 2 4 4 4 2 3 4 3 2 4 3 4 3 4 4 2 4 2 2 2 3 2 4 4 2 2 3 4 2 3 4 4 3 3 3 2 2 3 2 3 2 4 2 3 4 2 2 2 2 3 4 2 2 2 4 3 3 4 2 3 2 3 3 2 4 4 4 3 3 2 2 4 4 3 4 3 2 4 2 4 2 2 2 3 2 2 2 3 4 4 3 4 3 3 3 2 3 2 3 3 2 4 4 4 4 3 4 3 2 3 4 3 3 3 4 3 4 4 3 4 4 3 4 4 2 3 2 4 2 2 4 3 4 2 3 4 3 2 3 4 4 2 2 2 2 3 3 4 3 4 3 4 3 4 4 2 3 2 4 4 4 2 2 2 3 2 2 2 2 2 4 4 2 3 3 2 2 4 3 4 3 4 4 3 4 3 2 2 2 3 4 3 3 2 3 2 3 3 3 4 3 2 3 3 2 3 3 2 2 4 2 2 3 2 3 3 2 3 2 2 2 2 4 4 4 4 3 3 4 4 3 3 2 4 2 2 4 3 2 4 3 3 4 4 2 3 4 3 4 3 3 3 4 2 2 4 4 2 4 2 2 4 2 2 2 4 3 3 3 3 3 3 2 4 3 3 4 3 3 3 3 3 2 2 4 2 3 3 4 4 3 3 2 2 4 4 2 3 3 2 3 3 2 3 2 4 4 3 3 2 3 2 3 2 4 3 2 3 2 4 3 2 3 3 3 3 4 2 2 2 2 2 3 4 4 4 2 3 3 2 3 3 2 2 3 4 2 3 3 4 2 2 2 4 4 3 2 4 4 2 4 4 2 4 3 3 2 2 2 2 3 4 2 3 4 2 2 3 3 2 2 3 3 2 3 4 2 2 4 2 4 3 3 2 4 4 4 3 4 2 3 4 4 4 4 2 2 3 2 4 3 3 3 2 2 4 3 3 3 3 3 2 4 2 4 4 2 4 4 4 3 2 3 4 2 3 2 3 3 3 2 2 2 3 2 3 3 4 4 2 3 3 3 3 4 3 3 4 3 4 3 3 3 3 2 2 4 2 2 4 4 3 3 4 2 4 4 3 3 2 2 3 2 4 3 2 2 3 4 4 4 4 3 4 4 3 3 3 4 2 3 4 4 4 2 2 3 2 4 2 4 4 4 3 2 3 4 3 3 3 3 3 4 4 2 2 2 3 2 3 4 4 3 4 2 2 3 3 4 2 3 4 3 3 3 3 2 2 2 4 3 4 4 2 3 2 4 2 4 2 3 3 2 4 4 2 3 2 4 3 2
910
1905
411
1430
1204
390
1679
1501
1936
1311
1859
122
301
1317
708
1842
912
351
1598
1342
748
1950
899
1901
1140
1259
93
140
1319
1942
301
640
1723
1006
1569
1697
1627
48
1944
1422
1850
1062
1697
411
1273
655
1246
1241
599
684
56
777
1842
938
1893
531
1242
892
80
1270
393
1830
377
1
127
1601
1647
1671
1544
939
807
1937
490
1787
29
1005
106
150
140
279
28
446
248
1647
68
475
1777
1910
330
750
464
1313
1284
1453
269
748
1320
1641
902
1384
1487
1091
410
1371
1609
1619
20
576
1045
459
612
1116
624
906
1386
206
1881
160
1416
590
1849
529
1755
1374
354
531
1706
1977
657
261
854
103
786
1359
16
175
307
737
1
1242
1916
643
1584
1032
1103
65
1224
1235
773
723
155
1821
1619
1994
1773
1818
968
1531
1664
721
1789
1507
401
430
802
1759
1602
1209
1560
181
1000
1374
196
1483
1561
776
1289
1255
415
1570
126
318
881
844
1287
745
313
528
315
686
1143
1223
47
1041
1397
1937
1551
1052
1770
723
1605
200
686
124
1032
1558
1212
204
1259
663
1663
208
1811
409
1134
1936
475
1702
1148
1536
824
180
1100
843
149
980
1744
295
380
1698
509
1415
1460
1822
1014
442
1737
533
1335
1244
1956
1569
1874
995
861
1206
140
56
1686
1035
1088
1665
30
1629
737
583
750
1528
1593
1635
125
315
1953
49
753
955
1100
1243
741
1907
1997
1439
591
696
626
20
1359
750
1206
505
44
1476
296
1379
867
1493
655
700
453
1161
112
1942
133
407
1678
1663
1725
1128
1093
1264
1894
1320
1938
136
1382
1352
178
779
1932
1673
786
1483
122
670
1527
338
77
10
80
18
1288
761
87
1957
809
142
179
1734
753
1004
1133
83
660
1872
1294
1086
1880
302
1356
787
994
1049
1243
764
149
1261
1093
1891
1569
1561
484
1032
898
773
1947
1462
440
212
500
887
686
1048
609
1574
1242
1878
310
47
969
266
667
1753
1837
1351
154
1264
321
541
469
158
1884
1561
1994
1451
261
761
37
945
80
1675
982
1772
550
1594
713
1304
1121
530
2000
559
455
452
1448
434
315
366
894
490
1572
686
1408
1379
279
406
1224
1086
541
1692
787
1258
1541
289
577
570
283
1374
367
124
1082
143
1230
1045
1273
893
644
795
1336
1681
37
1984
130
427
1567
1821
708
155
1745
1000
330
1518
594
505
605
1478
1175
1884
1096
987
1446
478
1422
1791
444
1700
1712
1510
1676
275
704
152
849
1361
452
708
153
725
406
1411
1262
1419
1917
407
686
653
823
417
1253
614
320
1906
1641
925
511
1141
1244
1638
1636
1658
1361
911
1634
1619
625
544
917
1419
1430
612
1221
570
214
374
1615
829
458
719
627
1511
153
1175
1248
1100
80
1233
1681
1146
1034
530
1325
1311
313
1912
1319
802
505
1636
1241
1527
714
1045
1096
1223
1014
1396
87
1716
753
985
686
1415
42
1506
913
1176
1901
899
544
1266
490
428
1278
1284
1038
1320
1797
1495
1493
246
1241
19
1089
823
1548
1296
1214
1627
1123
925
214
155
1634
855
813
29
1048
9
1180
355
458
644
1729
542
889
1808
757
120
1357
974
1246
1808
310
1431
1255
692
1436
610
68
750
1797
1987
861
324
1919
155
1649
114
667
126
739
716
901
1319
143
37
1439
912
366
604
260
11
1399
880
1357
162
1284
915
1495
573
1317
457
745
1062
1037
664
1970
986
191
494
1262
795
1148
935
1704
626
1756
1037
1549
1127
65
1901
1217
1597
1593
779
1569
260
585
176
1
657
897
874
1526
427
140
1004
1447
211
452
1910
644
955
872
1791
1
634
928
1907
136
776
979
607
1123
1344
407
91
1691
885
1270
1077
1387
1517
1686
511
1330
797
753
1709
313
1136
12
531
1963
118
1193
1842
683
656
1045
1763
315
1636
125
1978
1501
1843
686
983
96
1394
1075
1057
1297
20
397
29
210
199
722
1641
1470
1689
528
975
1876
149
215
1866
686
1573
916
1685
404
829
111
503
288
125
524
406
1473
301
1507
1451
1570
1689
112
1051
1898
1679
125
1212
1390
1246
1096
1143
1019
80
366
1472
667
1264
592
1884
1472
1148
1984
1647
1870
1389
9
1776
1438
301
1649
531
1757
1607
1496
1246
544
1067
1954
1620
605
761
544
1092
1587
1496
868
1505
683
849
867
1901
623
1363
1689
1820
122
1021
1069
401
692
221
91
1377
1819
24
204
463
1763
759
662
213
586
1076
1668
873
271
986
1500
1040
655
1045
318
1186
1346
1605
127
595
407
1215
1956
1212
57
1883
1080
1713
496
402
779
695
1638
1398
1328
1213
1439
747
1374
407
969
1259
1116
1964
580
924
1082
204
422
295
544
93
828
1661
686
1495
755
1063
1096
1635
819
1521
640
1342
1996
289
283
155
1823
556
975
1979
1202
764
1304
934
1472
1356
550
834
1768
962
1472
494
732
1538
1526
660
120
1451
1483
1317
992
316
826
1570
1495
724
1164
1407
1365
1037
889
1403
1411
1224
1149
1381
1979
1937
1408
1701
1426
1013
1950
343
1284
313
65
597
864
1507
1784
90
404
1078
143
853
686
1717
213
1938
22
1991
1173
305
1133
1280
1916
883
1822
1374
77
1242
958
1051
1354
140
197
1242
981
1190
1669
1769
563
988
1078
755
1327
855
1284
580
1892
1008
45
1388
112
871
1284
1703
210
643
490
210
1088
1023
1226
1820
72
90
65
1095
542
266
686
484
362
764
1718
921
1342
1479
1471
943
1292
1082
1020
315
324
533
1254
591
24
65
217
1736
626
11
1441
718
324
11
660
493
94
1923
1606
808
1541
1892
1365
531
33
824
1713
1840
1212
1589
1686
988
1563
1572
909
303
1700
1382
1291
1921
1818
515
469
1000
65
899
1910
544
1230
148
1218
1547
1379
1346
962
1787
1681
108
1720
1627
683
1045
1756
854
1270
949
550
847
808
1032
127
148
743
463
177
1400
29
1689
314
499
1649
1631
427
1389
1329
647
1346
660
554
1132
351
928
1022
9
949
29
691
469
721
1855
634
458
1570
217
249
1878
681
260
264
1377
857
366
1839
741
1087
1218
44
1763
259
1737
829
1032
820
1078
752
1842
1409
608
1696
1127
632
1686
994
1919
1212
636
236
676
244
1704
356
1076
1525
497
1114
892
846
1478
1345
1384
217
1793
1436
339
1264
434
1416
1102
265
97
1916
938
1013
611
760
596
609
1649
442
596
1336
849
921
288
1824
592
800
819
523
1659
1270
1209
1598
274
775
208
1638
247
140
1250
861
275
585
855
1000
190
1403
198
1495
1173
1570
176
295
1282
880
787
1874
601
1224
1797
1037
1246
173
1479
670
1655
1484
29
190
1200
1718
721
1166
1018
825
1243
737
1301
244
342
468
37
1713
994
1816
1675
69
628
140
473
1648
829
236
431
1921
849
1112
1521
696
1290
1387
925
204
16
1797
213
417
449
510
977
1947
1182
1374
1625
1500
380
1609
1628
828
1561
1572
1715
29
175
94
1205
231
1879
1244
1014
1481
1786
431
215
1426
16
1946
780
58
1544
1092
710
1017
1
459
802
289
1021
538
1365
1123
1430
507
647
1507
1944
16
1379
1218
1078
1824
372
450
987
766
416
143
1561
1635
938
1087
544
1987
881
1472
802
1349
402
1051
87
1489
160
1156
94
16
983
934
209
392
1627
1901
754
1270
1019
53
208
635
141
1553
1162
65
181
1333
1977
413
544
1952
1319
20
97
879
1639
1935
140
559
1589
1448
935
1593
1733
1093
1518
1833
1296
986
1328
1738
1273
1304
644
1495
319
1004
1846
567
746
985
1242
1845
458
318
1488
285
1660
1264
1538
473
1043
1593
1445
57
778
484
1423
273
1092
1057
108
676
1472
1548
411
1325
102
479
1937
1737
763
338
686
624
626
898
1226
275
1607
1912
1103
713
1935
1686
1353
1398
1788
1576
1234
1289
953
640
656
1387
1681
735
994
260
1148
1186
1963
161
1598
570
1045
1296
1792
1561
1686
854
24
604
423
1180
553
981
208
1700
165
592
797
1797
524
1560
688
1289
952
1937
1816
907
1504
1186
218
266
713
310
1180
48
1356
1395
276
57
861
1836
1009
45
820
505
1521
523
1417
730
975
155
1669
559
806
148
920
509
153
550
1910
279
605
766
11
406
177
458
861
417
1
1986
1258
1285
463
38
488
503
1254
889
1037
931
979
1334
849
558
414
108
208
1569
1655
1618
1610
550
1735
131
700
952
801
889
298
1740
366
224
108
505
264
1691
889
1629
1148
1534
626
1292
1915
1184
1100
1186
337
750
1273
244
454
943
1816
1709
411
1347
96
1282
1421
274
1320
496
792
1759
211
204
1037
641
351
1471
49
451
91
757
1051
1315
173
1249
640
201
1823
912
1086
210
303
657
1399
1576
1134
1561
1977
155
633
983
1910
1685
872
728
1540
524
994
1216
1689
1844
1761
58
331
48
397
1441
1697
297
1441
321
1035
544
670
971
1045
70
981
1411
1686
84
738
829
1677
1223
458
1265
1607
569
750
1088
979
315
1598
487
807
1405
292
861
1809
80
1264
108
89
1328
1311
1664
1495
1638
682
1365
1114
777
1379
2000
723
89
686
200
1407
1301
777
148
1926
1420
644
1472
358
1395
1901
435
423
1520
634
773
755
1994
668
1405
924
763
1270
1134
1388
1539
934
56
489
487
138
1713
76
1591
976
433
1353
325
1087
138
68
829
153
1418
563
608
553
1878
1994
889
1588
1952
1811
757
505
1441
892
1091
858
19
643
1076
779
1910
417
119
796
576
643
1744
1942
1241
722
44
1017
1555
406
1699
1494
478
1470
1700
377
1477
377
983
450
1234
499
1811
1520
1616
306
1244
1005
1985
1377
1463
608
725
21
204
1343
111
765
1696
11
188
521
1243
783
1579
288
1397
1248
1173
831
373
1850
683
1255
1595
1289
315
1058
23
971
935
94
281
1230
550
709
380
1062
301
664
1287
1365
125
297
1572
962
1278
373
17
649
39
1546
1438
1109
753
755
1147
1561
591
15
1648
802
923
1497
1345
650
1551
1995
1399
1301
1215
899
9
85
1984
490
591
515
436
130
531
1045
591
1786
428
419
1953
136
1571
1166
1020
80
1338
1377
849
198
591
614
977
1326
20
594
605
1568
65
1175
1379
575
466
1655
991
775
201
1561
834
269
406
894
275
1600
1607
1620
487
56
191
1419
1154
576
755
358
1518
688
1655
1880
252
1886
478
1104
1711
53
1713
763
1838
107
1377
1721
329
687
722
213
1816
797
110
725
824
1947
415
727
1935
1678
1132
1258
704
724
334
1186
1508
298
1025
740
1756
753
1051
260
524
455
1427
1561
954
153
1824
1638
1
204
1215
753
1849
80
797
