1981
1 2 2 2 3 2 3 2 2 2 2 2 2 3 2 3 3 3 2 2 2 4 5 4 4 4 4 4 4 4 4 5 4 5 4 4 4 5 5 4 4 7 6 6 7 6 7 7 6 7 6 7 6 7 6 6 7 6 6 6 6 9 9 8 8 9 8 8 9 9 9 8 8 8 8 9 9 8 8 8 8 10 10 11 11 11 11 11 11 10 11 11 10 10 10 11 10 10 10 11 10 12 12 12 13 12 13 12 12 13 12 12 12 13 13 12 12 13 13 12 12 15 15 14 15 15 15 14 15 14 15 15 15 14 14 14 14 15 15 15 15 17 17 16 17 16 17 17 17 16 16 17 16 17 16 17 17 16 16 16 17 18 19 19 18 18 19 19 19 18 18 18 18 18 18 19 18 18 18 18 19 21 20 20 21 21 20 21 21 20 21 20 20 21 21 20 20 20 21 21 20 22 23 22 22 22 22 23 23 23 22 22 22 23 22 23 22 23 22 23 23 25 24 25 24 24 25 24 24 25 25 24 25 25 24 24 24 24 25 24 24 26 27 26 26 27 26 27 27 26 26 26 27 27 26 26 27 27 26 27 26 29 29 29 28 28 28 29 28 29 28 28 29 29 28 29 28 28 29 29 28 31 31 30 30 30 30 30 30 30 30 31 30 31 30 31 30 30 30 31 31 33 32 33 32 32 32 33 32 32 32 32 32 32 33 33 32 33 33 32 33 34 34 35 35 34 34 34 35 34 35 34 35 34 34 34 35 35 34 34 34 37 36 36 36 36 36 36 36 36 37 36 37 37 37 36 37 37 36 36 36 38 38 39 39 38 38 38 38 38 39 39 39 39 38 38 39 38 39 38 39 40 41 40 41 41 41 41 41 40 40 41 41 41 40 40 41 40 41 41 41 43 43 42 43 42 43 43 42 43 43 42 42 42 42 42 42 43 42 42 42 44 44 44 44 44 44 45 44 45 45 45 45 44 44 45 44 44 45 44 45 46 46 46 47 46 46 46 47 47 47 46 46 47 46 46 46 47 46 47 46 49 48 48 49 48 48 49 48 49 49 49 49 48 49 49 48 49 48 48 49 50 51 51 50 50 51 51 50 50 51 51 51 50 50 51 51 51 50 50 50 52 53 53 53 53 52 52 52 53 53 53 53 53 52 52 52 52 53 53 52 54 54 54 54 54 54 55 54 54 55 54 54 55 55 55 54 54 55 55 55 56 57 56 57 56 57 57 56 56 56 56 56 57 57 57 57 56 56 56 56 59 58 58 58 59 59 58 59 58 58 58 59 59 59 58 58 58 58 59 59 60 60 60 60 61 61 60 60 60 60 60 61 61 60 61 60 60 60 60 60 62 63 63 63 62 62 62 62 63 62 63 62 63 62 63 63 62 62 63 62 64 64 64 64 64 65 64 64 64 65 64 64 64 64 64 64 65 64 65 64 66 66 67 66 67 67 67 66 67 66 66 66 66 67 66 66 67 66 66 67 69 69 68 69 68 68 69 68 68 69 69 69 68 68 69 69 68 68 68 68 70 70 71 70 70 71 71 70 70 71 70 70 70 71 70 71 71 70 70 71 72 72 73 73 72 72 73 72 72 73 72 73 73 72 72 73 73 72 72 73 75 75 74 74 74 74 74 74 74 75 75 74 74 75 74 75 75 74 74 75 76 76 77 76 77 77 76 76 76 76 77 76 76 76 76 77 76 76 76 77 78 79 78 79 78 78 79 79 78 79 79 78 78 79 78 78 78 78 78 78 81 81 80 80 80 81 80 81 80 80 80 81 80 81 81 81 80 81 81 80 83 82 82 82 82 83 83 82 82 82 83 83 82 82 83 82 83 83 83 82 84 84 84 84 84 84 84 84 84 85 84 85 85 84 85 85 85 85 84 84 87 86 87 86 87 87 86 86 86 87 86 86 87 86 86 86 86 87 86 86 89 89 88 88 89 89 89 89 89 89 89 88 88 89 89 88 88 89 88 89 91 90 90 91 90 91 90 91 90 90 91 90 91 90 90 90 90 90 91 90 92 92 92 92 92 92 93 92 92 93 92 92 92 93 92 92 92 92 93 92 95 95 95 94 94 94 94 95 95 95 94 95 94 94 95 95 94 94 94 94 96 97 97 96 96 96 96 96 97 96 97 96 96 96 97 97 96 96 97 97 99 98 98 99 99 98 99 98 98 99 98 98 98 98 98 99 98 98 98 99 100 101 100 101 100 101 101 100 100 100 101 101 100 101 100 100 100 101 100 101 103 102 102 102 102 102 103 102 102 103 102 102 103 103 103 102 102 103 102 103 104 104 104 104 104 104 104 104 105 105 104 104 105 105 104 104 104 104 104 104 107 106 107 106 107 106 106 106 106 106 106 106 107 107 107 107 107 107 106 107 109 109 109 108 109 108 108 108 108 108 108 108 109 108 108 109 109 109 108 108 111 111 111 110 111 111 110 110 111 111 111 110 111 110 110 110 110 111 110 110 113 112 112 112 112 112 113 113 112 112 112 112 113 112 112 112 112 112 112 112 115 114 114 114 114 115 115 114 114 114 114 115 115 115 114 115 115 115 114 115 116 116 117 116 116 116 117 117 117 116 117 116 116 117 117 117 116 116 116 116 119 118 119 119 118 119 118 118 119 118 118 118 118 118 118 119 118 118 118 118 120 120 120 121 120 120 120 121 121 120 121 120 121 120 120 120 120 120 120 120 122 122 122 122 123 123 122 123 122 123 122 123 123 122 122 122 123 123 122 122 124 125 124 124 125 125 124 124 124 124 124 124 124 124 125 124 124 125 124 124 126 127 126 126 126 126 127 126 126 126 126 126 127 127 126 126 126 127 127 127 128 129 128 128 128 129 128 128 128 128 129 128 129 128 129 128 128 128 128 129 131 130 130 131 130 130 130 130 130 130 130 131 130 131 130 130 130 130 130 131 132 133 133 132 132 133 132 133 133 133 132 132 132 133 132 132 133 133 133 132 135 134 134 135 134 134 135 134 134 135 135 135 134 135 134 134 135 134 134 135 136 137 136 136 137 137 136 137 136 137 136 136 137 136 136 136 136 137 136 136 138 139 139 138 138 138 139 138 138 138 138 138 139 138 138 138 138 138 138 138 140 140 141 141 140 140 141 140 140 141 141 140 141 140 140 140 141 141 140 140 142 143 142 142 142 143 142 142 142 142 142 142 143 142 143 143 142 142 143 142 144 144 145 145 145 145 144 145 145 145 144 144 145 145 144 144 144 144 145 145 146 146 146 147 147 147 146 147 146 147 146 147 146 146 146 147 146 146 146 146 148 148 149 148 148 149 149 148 148 148 149 148 148 148 149 149 148 148 148 149 151 150 150 150 151 151 150 150 150 150 150 150 151 150 150 151 151 150 150 150 152 153 153 152 152 152 152 152 153 152 153 153 152 152 153 152 153 152 152 153 154 154 154 155 155 154 155 154 155 154 154 154 154 155 154 154 155 155 154 155 156 157 157 157 157 156 156 157 156 156 157 157 156 157 156 157 156 157 156 157 158 158 158 158 158 159 158 158 159 158 158 158 158 159 158 159 158 158 158 158 161 161 160 160 161 160 160 160 161 161 161 160 160 161 161 161 161 161 160 161 163 163 163 163 163 162 162 162 163 163 163 162 162 162 163 163 163 162 162 162 164 165 165 165 165 164 165 164 164 165 164 164 165 164 164 164 165 165 164 164 166 166 167 167 166 167 166 166 167 166 166 166 167 167 166 166 166 166 166 167 169 169 168 168 168 168 169 168 169 168 168 169 169 169 169 168 168 168 168 169 170 171 171 170 171 171 171 170 170 170 170 170 170 170 170 171 171 170 171 171 172 173 173 173 172 172 172 172 173 173 173 172 173 173 172 172 173 173 172 173 174 174 175 175 174 175 174 175 175 174 175 175 175 174 174 174 174 175 175 174 177 176 176 177 176 177 176 177 176 176 177 176 177 176 176 176 176 177 176 176 179 178 179 179 178 179 179 179 178 178 179 178 178 178 178 178 178 179 178 178 181 180 180 180 180 180 180 180 181 180 181 181 180 180 181 181 180 180 181 180 183 183 183 182 183 182 183 183 183 182 182 183 182 183 183 182 183 182 182 183 184 184 185 185 184 185 184 185 185 184 184 184 184 184 184 185 184 184 184 184 186 187 186 186 187 187 187 186 186 186 187 187 186 186 186 186 187 186 187 186 188 189 188 189 188 188 188 188 189 188 188 188 188 188 189 189 188 189 189 189 190 190 191 190 190 190 190 190 190 191 190 190 191 190 190 190 190 190 190 191 192 193 192 193 193 193 192 193 193 193 193 193 192 192 193 192 192 192 192 193 194 195 195 194 195 194 194 195 194 195 194 194 195 194 195 194 194 195 194 194 196 197 196 196 197 196 197 196 197 196 196 197 196 197 197 196 197 197 197 197 199 198 198 198 198 199 199 198 199 198 199 199 199 199 198 199 198 198 198 198
1
1
2
3
2
3
6
7
12
13
2
3
4
5
12
13
14
15
14
15
20
21
22
23
22
23
26
27
32
33
22
23
24
25
32
33
34
35
34
35
40
41
42
43
42
43
46
47
52
53
42
43
44
45
52
53
54
55
54
55
60
61
62
63
62
63
66
67
72
73
62
63
64
65
72
73
74
75
74
75
80
81
82
83
82
83
86
87
92
93
82
83
84
85
92
93
94
95
94
95
100
101
102
103
102
103
106
107
112
113
102
103
104
105
112
113
114
115
114
115
120
121
122
123
122
123
126
127
132
133
122
123
124
125
132
133
134
135
134
135
140
141
142
143
142
143
146
147
152
153
142
143
144
145
152
153
154
155
154
155
160
161
162
163
162
163
166
167
172
173
162
163
164
165
172
173
174
175
174
175
180
181
182
183
182
183
186
187
192
193
182
183
184
185
192
193
194
195
194
195
200
201
202
203
202
203
206
207
212
213
202
203
204
205
212
213
214
215
214
215
220
221
222
223
222
223
226
227
232
233
222
223
224
225
232
233
234
235
234
235
240
241
242
243
242
243
246
247
252
253
242
243
244
245
252
253
254
255
254
255
260
261
262
263
262
263
266
267
272
273
262
263
264
265
272
273
274
275
274
275
280
281
282
283
282
283
286
287
292
293
282
283
284
285
292
293
294
295
294
295
300
301
302
303
302
303
306
307
312
313
302
303
304
305
312
313
314
315
314
315
320
321
322
323
322
323
326
327
332
333
322
323
324
325
332
333
334
335
334
335
340
341
342
343
342
343
346
347
352
353
342
343
344
345
352
353
354
355
354
355
360
361
362
363
362
363
366
367
372
373
362
363
364
365
372
373
374
375
374
375
380
381
382
383
382
383
386
387
392
393
382
383
384
385
392
393
394
395
394
395
400
401
402
403
402
403
406
407
412
413
402
403
404
405
412
413
414
415
414
415
420
421
422
423
422
423
426
427
432
433
422
423
424
425
432
433
434
435
434
435
440
441
442
443
442
443
446
447
452
453
442
443
444
445
452
453
454
455
454
455
460
461
462
463
462
463
466
467
472
473
462
463
464
465
472
473
474
475
474
475
480
481
482
483
482
483
486
487
492
493
482
483
484
485
492
493
494
495
494
495
500
501
502
503
502
503
506
507
512
513
502
503
504
505
512
513
514
515
514
515
520
521
522
523
522
523
526
527
532
533
522
523
524
525
532
533
534
535
534
535
540
541
542
543
542
543
546
547
552
553
542
543
544
545
552
553
554
555
554
555
560
561
562
563
562
563
566
567
572
573
562
563
564
565
572
573
574
575
574
575
580
581
582
583
582
583
586
587
592
593
582
583
584
585
592
593
594
595
594
595
600
601
602
603
602
603
606
607
612
613
602
603
604
605
612
613
614
615
614
615
620
621
622
623
622
623
626
627
632
633
622
623
624
625
632
633
634
635
634
635
640
641
642
643
642
643
646
647
652
653
642
643
644
645
652
653
654
655
654
655
660
661
662
663
662
663
666
667
672
673
662
663
664
665
672
673
674
675
674
675
680
681
682
683
682
683
686
687
692
693
682
683
684
685
692
693
694
695
694
695
700
701
702
703
702
703
706
707
712
713
702
703
704
705
712
713
714
715
714
715
720
721
722
723
722
723
726
727
732
733
722
723
724
725
732
733
734
735
734
735
740
741
742
743
742
743
746
747
752
753
742
743
744
745
752
753
754
755
754
755
760
761
762
763
762
763
766
767
772
773
762
763
764
765
772
773
774
775
774
775
780
781
782
783
782
783
786
787
792
793
782
783
784
785
792
793
794
795
794
795
800
801
802
803
802
803
806
807
812
813
802
803
804
805
812
813
814
815
814
815
820
821
822
823
822
823
826
827
832
833
822
823
824
825
832
833
834
835
834
835
840
841
842
843
842
843
846
847
852
853
842
843
844
845
852
853
854
855
854
855
860
861
862
863
862
863
866
867
872
873
862
863
864
865
872
873
874
875
874
875
880
881
882
883
882
883
886
887
892
893
882
883
884
885
892
893
894
895
894
895
900
901
902
903
902
903
906
907
912
913
902
903
904
905
912
913
914
915
914
915
920
921
922
923
922
923
926
927
932
933
922
923
924
925
932
933
934
935
934
935
940
941
942
943
942
943
946
947
952
953
942
943
944
945
952
953
954
955
954
955
960
961
962
963
962
963
966
967
972
973
962
963
964
965
972
973
974
975
974
975
980
981
982
983
982
983
986
987
992
993
982
983
984
985
992
993
994
995
994
995
1000
1001
1002
1003
1002
1003
1006
1007
1012
1013
1002
1003
1004
1005
1012
1013
1014
1015
1014
1015
1020
1021
1022
1023
1022
1023
1026
1027
1032
1033
1022
1023
1024
1025
1032
1033
1034
1035
1034
1035
1040
1041
1042
1043
1042
1043
1046
1047
1052
1053
1042
1043
1044
1045
1052
1053
1054
1055
1054
1055
1060
1061
1062
1063
1062
1063
1066
1067
1072
1073
1062
1063
1064
1065
1072
1073
1074
1075
1074
1075
1080
1081
1082
1083
1082
1083
1086
1087
1092
1093
1082
1083
1084
1085
1092
1093
1094
1095
1094
1095
1100
1101
1102
1103
1102
1103
1106
1107
1112
1113
1102
1103
1104
1105
1112
1113
1114
1115
1114
1115
1120
1121
1122
1123
1122
1123
1126
1127
1132
1133
1122
1123
1124
1125
1132
1133
1134
1135
1134
1135
1140
1141
1142
1143
1142
1143
1146
1147
1152
1153
1142
1143
1144
1145
1152
1153
1154
1155
1154
1155
1160
1161
1162
1163
1162
1163
1166
1167
1172
1173
1162
1163
1164
1165
1172
1173
1174
1175
1174
1175
1180
1181
1182
1183
1182
1183
1186
1187
1192
1193
1182
1183
1184
1185
1192
1193
1194
1195
1194
1195
1200
1201
1202
1203
1202
1203
1206
1207
1212
1213
1202
1203
1204
1205
1212
1213
1214
1215
1214
1215
1220
1221
1222
1223
1222
1223
1226
1227
1232
1233
1222
1223
1224
1225
1232
1233
1234
1235
1234
1235
1240
1241
1242
1243
1242
1243
1246
1247
1252
1253
1242
1243
1244
1245
1252
1253
1254
1255
1254
1255
1260
1261
1262
1263
1262
1263
1266
1267
1272
1273
1262
1263
1264
1265
1272
1273
1274
1275
1274
1275
1280
1281
1282
1283
1282
1283
1286
1287
1292
1293
1282
1283
1284
1285
1292
1293
1294
1295
1294
1295
1300
1301
1302
1303
1302
1303
1306
1307
1312
1313
1302
1303
1304
1305
1312
1313
1314
1315
1314
1315
1320
1321
1322
1323
1322
1323
1326
1327
1332
1333
1322
1323
1324
1325
1332
1333
1334
1335
1334
1335
1340
1341
1342
1343
1342
1343
1346
1347
1352
1353
1342
1343
1344
1345
1352
1353
1354
1355
1354
1355
1360
1361
1362
1363
1362
1363
1366
1367
1372
1373
1362
1363
1364
1365
1372
1373
1374
1375
1374
1375
1380
1381
1382
1383
1382
1383
1386
1387
1392
1393
1382
1383
1384
1385
1392
1393
1394
1395
1394
1395
1400
1401
1402
1403
1402
1403
1406
1407
1412
1413
1402
1403
1404
1405
1412
1413
1414
1415
1414
1415
1420
1421
1422
1423
1422
1423
1426
1427
1432
1433
1422
1423
1424
1425
1432
1433
1434
1435
1434
1435
1440
1441
1442
1443
1442
1443
1446
1447
1452
1453
1442
1443
1444
1445
1452
1453
1454
1455
1454
1455
1460
1461
1462
1463
1462
1463
1466
1467
1472
1473
1462
1463
1464
1465
1472
1473
1474
1475
1474
1475
1480
1481
1482
1483
1482
1483
1486
1487
1492
1493
1482
1483
1484
1485
1492
1493
1494
1495
1494
1495
1500
1501
1502
1503
1502
1503
1506
1507
1512
1513
1502
1503
1504
1505
1512
1513
1514
1515
1514
1515
1520
1521
1522
1523
1522
1523
1526
1527
1532
1533
1522
1523
1524
1525
1532
1533
1534
1535
1534
1535
1540
1541
1542
1543
1542
1543
1546
1547
1552
1553
1542
1543
1544
1545
1552
1553
1554
1555
1554
1555
1560
1561
1562
1563
1562
1563
1566
1567
1572
1573
1562
1563
1564
1565
1572
1573
1574
1575
1574
1575
1580
1581
1582
1583
1582
1583
1586
1587
1592
1593
1582
1583
1584
1585
1592
1593
1594
1595
1594
1595
1600
1601
1602
1603
1602
1603
1606
1607
1612
1613
1602
1603
1604
1605
1612
1613
1614
1615
1614
1615
1620
1621
1622
1623
1622
1623
1626
1627
1632
1633
1622
1623
1624
1625
1632
1633
1634
1635
1634
1635
1640
1641
1642
1643
1642
1643
1646
1647
1652
1653
1642
1643
1644
1645
1652
1653
1654
1655
1654
1655
1660
1661
1662
1663
1662
1663
1666
1667
1672
1673
1662
1663
1664
1665
1672
1673
1674
1675
1674
1675
1680
1681
1682
1683
1682
1683
1686
1687
1692
1693
1682
1683
1684
1685
1692
1693
1694
1695
1694
1695
1700
1701
1702
1703
1702
1703
1706
1707
1712
1713
1702
1703
1704
1705
1712
1713
1714
1715
1714
1715
1720
1721
1722
1723
1722
1723
1726
1727
1732
1733
1722
1723
1724
1725
1732
1733
1734
1735
1734
1735
1740
1741
1742
1743
1742
1743
1746
1747
1752
1753
1742
1743
1744
1745
1752
1753
1754
1755
1754
1755
1760
1761
1762
1763
1762
1763
1766
1767
1772
1773
1762
1763
1764
1765
1772
1773
1774
1775
1774
1775
1780
1781
1782
1783
1782
1783
1786
1787
1792
1793
1782
1783
1784
1785
1792
1793
1794
1795
1794
1795
1800
1801
1802
1803
1802
1803
1806
1807
1812
1813
1802
1803
1804
1805
1812
1813
1814
1815
1814
1815
1820
1821
1822
1823
1822
1823
1826
1827
1832
1833
1822
1823
1824
1825
1832
1833
1834
1835
1834
1835
1840
1841
1842
1843
1842
1843
1846
1847
1852
1853
1842
1843
1844
1845
1852
1853
1854
1855
1854
1855
1860
1861
1862
1863
1862
1863
1866
1867
1872
1873
1862
1863
1864
1865
1872
1873
1874
1875
1874
1875
1880
1881
1882
1883
1882
1883
1886
1887
1892
1893
1882
1883
1884
1885
1892
1893
1894
1895
1894
1895
1900
1901
1902
1903
1902
1903
1906
1907
1912
1913
1902
1903
1904
1905
1912
1913
1914
1915
1914
1915
1920
1921
1922
1923
1922
1923
1926
1927
1932
1933
1922
1923
1924
1925
1932
1933
1934
1935
1934
1935
1940
1941
1942
1943
1942
1943
1946
1947
1952
1953
1942
1943
1944
1945
1952
1953
1954
1955
1954
1955
1960
1961
1962
1963
1962
1963
1966
1967
1972
1973
1962
1963
1964
1965
1972
1973
1974
1975
1974
1975
