2000
3 4 4 1 6 6 5 5 2 5 3 2 2 1 6 5 1 5 1 4 5 6 2 4 2 2 3 4 3 5 5 2 2 3 6 5 2 4 4 4 6 5 1 2 4 1 2 2 6 4 2 5 5 5 1 2 1 2 6 1 3 2 2 3 1 6 2 2 1 6 1 6 6 5 1 6 5 3 1 5 4 4 2 5 2 2 6 6 4 3 5 2 4 2 3 3 3 4 2 5 4 6 2 4 4 5 5 3 2 6 5 2 5 5 5 4 4 2 3 4 2 6 4 4 1 3 6 5 6 5 2 2 2 3 6 6 5 2 4 2 2 1 2 4 6 4 5 2 4 1 2 6 2 2 3 6 1 6 5 1 2 2 5 5 3 6 6 3 5 1 6 3 5 1 3 6 6 4 3 1 5 2 3 2 5 3 3 1 2 3 5 1 5 2 4 2 5 6 4 2 3 6 3 3 3 2 5 2 4 1 6 3 6 6 5 2 3 5 2 5 2 6 5 4 3 6 1 4 4 1 1 5 3 3 5 1 1 4 4 6 4 5 6 1 1 6 1 5 2 4 5 3 1 3 4 1 4 6 6 5 1 4 1 2 2 3 3 2 5 2 5 2 5 4 2 3 5 3 6 1 4 3 3 1 4 5 5 1 4 2 4 6 5 4 2 3 2 6 1 5 6 6 3 3 1 2 3 1 3 2 1 4 6 2 4 2 3 1 4 6 3 3 2 6 5 1 3 5 4 6 1 5 6 6 3 3 4 2 6 3 6 5 4 4 6 2 6 1 1 1 4 4 2 2 6 5 3 3 3 4 3 4 5 4 6 4 3 4 4 3 6 6 3 6 6 1 6 2 1 3 5 1 5 6 2 3 6 5 5 6 5 5 3 5 3 4 1 6 6 3 3 6 1 2 5 6 5 1 5 1 4 5 4 4 4 6 3 5 2 4 5 4 2 4 5 6 5 6 1 1 2 6 1 3 1 2 2 4 1 2 2 5 4 1 3 1 6 6 3 3 6 3 6 4 4 2 3 4 6 4 3 5 3 6 2 4 2 2 2 4 1 5 1 6 5 5 6 3 6 2 1 3 1 4 3 4 5 4 5 5 5 5 4 2 6 1 1 2 4 4 1 1 4 6 2 4 5 4 4 5 3 1 1 1 5 2 3 5 4 4 1 1 4 1 6 4 6 3 5 4 6 6 2 1 5 2 5 1 4 5 1 3 1 1 5 5 3 1 3 3 4 6 4 4 5 6 4 3 5 3 1 1 1 1 6 6 1 5 1 1 6 3 2 2 5 5 5 4 1 6 5 2 3 5 1 2 6 2 6 2 1 3 2 1 4 6 1 4 4 1 6 3 6 4 2 2 2 6 1 5 5 6 3 4 3 6 3 5 2 4 5 1 4 4 5 5 1 4 2 5 1 5 4 1 1 2 3 4 1 3 1 3 6 1 4 1 4 5 4 1 3 1 5 2 4 5 6 1 2 2 6 3 1 5 6 5 2 2 2 6 6 1 2 5 6 5 3 3 1 4 6 5 6 5 6 1 1 6 4 4 1 5 6 3 2 5 2 3 3 6 6 4 5 6 5 1 4 1 5 3 4 6 3 2 1 5 4 6 1 6 1 6 6 6 2 1 1 6 4 2 6 3 1 6 3 1 5 2 1 5 5 1 5 5 6 2 4 5 3 6 4 4 3 1 5 5 6 1 4 5 6 5 4 5 5 3 4 2 3 3 3 4 4 3 1 5 4 6 3 2 1 4 5 3 3 4 5 6 3 4 6 1 3 2 6 4 3 5 6 4 2 2 1 1 3 3 4 4 6 2 3 6 3 3 5 1 2 5 1 3 2 1 6 1 2 6 3 5 3 1 3 3 4 4 6 6 2 6 5 4 6 6 1 1 1 4 1 3 6 2 1 4 4 2 5 4 6 1 6 1 6 6 4 4 6 2 1 4 1 6 2 6 3 1 1 6 3 2 5 3 4 6 6 5 4 1 1 5 6 2 4 3 5 6 2 6 3 6 1 1 6 4 6 4 1 1 3 6 2 1 5 3 2 4 6 6 2 5 1 2 2 6 5 3 4 5 4 1 4 5 5 5 4 4 1 5 1 3 1 6 3 1 5 1 4 4 2 6 6 3 6 4 3 1 4 2 1 3 5 6 5 2 1 4 6 4 2 2 4 4 6 4 3 6 1 4 3 3 2 5 3 2 4 2 4 3 3 3 6 3 4 6 2 1 3 3 1 2 1 4 3 4 1 3 4 6 1 3 4 4 1 5 5 4 6 6 4 5 1 3 6 1 4 5 2 2 2 3 1 2 6 3 3 5 6 1 1 6 5 2 3 5 3 3 4 1 6 2 4 4 1 6 2 4 1 4 5 1 2 6 4 1 3 4 5 3 4 2 6 3 3 2 1 1 5 4 2 3 6 5 6 3 6 5 2 4 3 1 6 2 1 3 1 1 1 5 3 4 5 4 5 1 2 5 2 3 4 5 5 1 4 6 2 1 1 5 6 1 5 1 4 6 4 6 5 2 2 5 1 2 2 4 2 1 3 6 3 4 5 6 5 6 6 4 1 6 2 4 6 5 5 1 2 6 2 5 2 2 6 4 3 5 6 5 1 5 4 4 3 6 4 4 6 1 1 1 3 2 1 6 2 1 3 6 3 4 6 3 2 3 3 3 4 5 4 2 1 5 3 2 3 1 2 6 4 3 3 6 5 5 3 1 3 3 6 2 3 2 2 1 3 2 4 6 5 3 6 1 1 3 3 1 4 2 4 3 3 4 2 5 1 2 4 2 3 4 6 5 1 1 4 2 1 5 6 5 4 5 2 4 5 4 4 6 4 2 4 1 1 4 3 6 5 3 3 3 1 3 1 5 4 6 1 6 4 2 6 2 3 3 1 5 5 1 5 4 4 1 2 5 5 3 3 1 6 6 5 6 6 1 4 1 5 2 2 3 1 5 4 3 1 4 6 5 3 3 2 3 2 5 6 1 5 4 5 5 5 2 2 4 2 6 4 5 5 3 3 5 5 2 6 1 2 6 1 4 4 4 4 6 3 4 1 6 3 5 4 2 2 2 3 4 3 1 6 6 5 4 6 3 3 6 5 5 5 1 4 6 3 2 4 2 4 6 1 4 4 1 3 2 3 1 6 2 2 2 1 1 1 3 4 1 2 4 3 5 5 1 4 2 6 5 5 5 5 6 4 3 1 6 5 1 1 3 1 2 5 2 3 2 1 3 5 2 6 4 2 2 5 4 5 1 6 3 4 6 4 5 4 5 3 1 3 6 4 3 4 2 2 3 1 5 6 4 6 2 4 1 5 6 2 4 1 5 1 1 4 2 5 3 2 6 4 3 5 1 2 5 1 2 2 5 2 2 5 2 5 4 3 6 1 2 3 1 2 2 1 3 1 3 1 3 2 1 5 2 2 6 3 2 4 5 3 4 5 3 2 2 1 2 5 6 5 6 1 2 1 6 4 2 2 5 4 3 1 4 6 6 2 3 3 2 1 6 3 3 4 2 1 4 3 1 2 3 3 1 1 2 4 4 2 4 1 1 6 2 1 6 2 4 6 2 3 5 4 6 4 5 6 2 6 2 5 6 1 5 3 2 2 4 6 3 2 2 4 6 5 1 5 4 5 5 6 4 3 5 5 3 4 4 5 3 5 5 3 6 6 1 4 6 4 6 5 6 5 2 2 3 2 6 2 5 5 6 4 3 3 2 2 4 1 5 4 4 5 2 3 3 1 4 5 2 3 3 6 6 4 4 3 3 3 5 5 6 2 5 2 3 1 3 5 3 6 5 3 6 2 4 6 6 6 2 2 5 3 4 4 5 5 3 6 4 1 1 4 2 3 5 4 3 2 3 3 3 2 6 6 3 2 2 3 5 2 6 4 1 1 6 4 1 6 4 4 6 2 2 5 4 2 5 2 1 5 2 2 4 1 3 3 5 2 6 4 2 2 1 4 5 2 3 6 6 6 2 1 4 3 6 5 3 6 1 3 6 5 1 6 4 5 1 1 1 2 5 2 5 6 2 1 4 4 2 5 2 2 6 4 6 2 6 2 2 3 6 2 2 1 1 3 6 1 4 5 6 2 3 4 1 5 3 4 5 6 6 5 5 3 1 6 4 1 1 6 5 4 3 3 3 3 1 2 4 3 2 4 1 2 3 3 5 6 1 2 5 2 3 4 3 6 3 1 5 1 6 2 2 6 4 5 1 1 1 4 5 1 4 4 6 2 5 5 2 1 3 4 2 4 5 6 3 1 2 4 2 2 5 5 2 3 5 3 4 5 6 6 3 3 5 2 3 2 6 4 3 1 1 3 4 6 1 5 4 6 1 2 1 6 6 2 3 6 5 5 5 3 5 4 1 1 6 6 3 5 2 6 3 4 2 6 5 2 2 5 5 6 1 6 3 5 3 2 6 5 3 4 5 1 4 4 4 6 5 3 4 4 5 2 6 5 1 1 6 6 2 5 5 6 2 4 3
1339
212
1650
638
1216
232
311
663
913
1702
583
66
1122
540
1434
921
1204
997
1937
1065
1655
1975
1972
1780
949
558
1487
736
1535
750
1269
518
235
1810
775
573
1515
1556
1186
288
350
1625
1071
795
1103
1519
485
584
1049
144
1051
1956
1739
1485
653
639
903
1589
1845
216
378
1729
1479
336
10
1350
398
392
617
150
442
1351
653
1153
1587
348
1565
67
1318
1051
1092
1070
775
531
419
537
1650
1085
1937
486
1518
365
586
627
586
1233
647
144
1591
1871
636
1482
299
233
986
478
1197
1462
571
1161
495
833
1729
185
1924
490
1318
971
843
1398
920
1469
1571
1158
1418
1819
1161
1058
1038
921
1038
1326
1689
567
1134
553
1498
162
991
1302
964
1491
913
779
773
492
177
1058
890
912
1422
1712
418
953
1784
1443
513
629
786
1908
220
1513
781
1413
1866
1909
1169
79
651
141
659
773
555
1682
795
1955
1202
409
219
1980
96
1625
101
192
130
352
1842
971
1682
1656
845
47
154
1269
1786
817
753
1319
1493
1518
973
141
1786
1493
896
91
472
1847
985
1456
468
235
1799
1222
858
640
1571
1687
255
1027
1087
1590
1305
757
834
1731
678
1871
1022
645
1834
1951
1302
1227
626
1337
1325
236
1297
1919
111
197
1613
1475
21
1111
628
132
1733
1432
1710
526
474
607
1197
1653
936
380
475
989
1739
1070
44
1462
1053
1087
945
763
1842
407
504
1382
1732
1718
1166
15
954
1585
1061
378
1801
1641
822
1357
761
775
1161
1801
442
250
564
1889
1382
342
537
897
1111
1169
1284
958
1214
1987
1804
1229
1293
705
732
1876
367
1857
776
1028
11
1939
1485
940
1577
1243
914
1887
1437
817
701
791
1339
781
1275
74
196
834
1939
220
766
1325
1688
1461
398
1642
1930
1455
454
392
636
1957
813
123
1417
1703
819
639
1687
1544
882
1942
1943
168
15
192
1292
1639
815
1832
1866
424
526
1075
1689
739
1987
986
191
593
451
1307
667
590
1834
364
932
1388
972
1706
18
1829
1003
1217
1229
91
1801
56
1713
163
486
989
58
1126
1857
231
763
1257
54
217
82
981
299
66
887
1642
205
718
1719
1666
1974
452
611
1631
1128
1469
699
407
744
210
23
474
350
485
234
44
651
1507
1819
638
1569
1936
1455
1044
47
1832
451
166
858
1487
181
1024
477
1176
720
1065
1631
1823
1083
1248
1837
521
1672
1075
653
1905
1905
1100
1826
110
420
1416
611
1031
685
502
687
475
732
526
1217
79
583
1001
1217
921
1153
150
1713
600
280
1069
845
955
348
592
1585
706
656
825
414
1911
413
1276
1441
239
1391
19
1834
69
1891
999
682
485
1091
110
1233
1895
250
1891
1556
490
32
549
1227
699
1153
1210
1222
648
1942
231
1414
1974
1214
1026
912
109
1428
907
1544
1816
1332
1084
196
513
231
555
166
1189
169
74
869
1847
177
1092
773
1943
331
367
968
1902
1332
958
932
1962
1533
1216
791
1380
524
649
588
355
1937
1601
123
1024
1095
508
19
1258
779
262
574
388
1929
456
654
540
457
1930
929
1731
1204
1723
452
1619
1613
882
114
250
1536
1037
649
187
1493
573
914
1330
519
1686
1889
1738
1328
1342
1505
525
1399
606
822
224
523
1170
239
1166
94
567
13
1221
1449
248
1975
1417
1459
821
456
1839
1252
1254
1031
631
1378
1121
1210
919
590
1942
1962
23
787
1688
1267
1786
799
1286
519
656
1625
929
1201
1113
731
216
1189
508
388
490
1474
1294
1962
907
1285
1071
1829
229
1507
56
1930
1741
1275
655
1615
1929
377
1049
1121
1896
1889
920
229
1688
1916
656
600
821
502
1276
1951
185
1876
1492
279
308
1071
1256
1780
1069
1529
1650
414
1423
1581
994
887
86
3
1044
1039
1049
347
801
989
1087
673
1629
554
879
897
1533
205
359
1587
1492
1505
1492
1111
1998
590
308
60
833
285
687
756
641
364
1261
570
1931
1142
600
1589
815
1464
1434
1201
801
744
275
420
833
275
1371
495
442
1085
554
1664
1069
1682
1591
355
1456
445
229
763
945
285
1642
1203
1620
675
662
1737
1686
1737
875
398
339
768
1590
1964
819
1425
1416
736
1654
246
1240
788
19
1127
527
1027
248
531
1519
593
1172
1838
1284
1312
1398
1418
394
991
519
1512
1255
477
1914
1558
1170
1983
1144
364
1741
1423
1924
1967
1732
936
1378
956
458
342
1003
166
419
1759
187
458
698
971
1380
1655
1026
692
1210
531
1113
843
1169
1512
1477
478
280
2000
474
1413
409
1687
786
968
549
1641
1496
128
1762
180
1130
941
1399
957
1142
339
323
1826
1318
1398
1328
1039
1762
681
972
1426
1461
255
1710
552
936
1432
641
768
387
1170
1664
662
1098
1514
1243
226
226
843
311
1619
638
78
1128
1916
1477
191
1448
1388
1496
1525
518
212
1738
508
781
573
1185
1267
1623
399
109
1653
1491
180
825
1558
350
1854
685
1051
1312
1774
629
955
1293
1902
210
128
262
1261
1739
1726
232
675
1184
1983
2000
847
617
645
552
1339
1229
1779
1424
1513
1204
449
1233
1784
1351
1641
741
617
1275
1172
456
275
627
593
1414
1065
1180
1426
1122
521
1854
1653
1189
991
449
343
598
407
1774
109
1022
305
903
1319
1654
1285
1058
699
387
197
1998
973
608
1726
1075
1878
482
1419
1419
1552
420
235
1624
305
1945
114
69
537
1838
896
1003
310
200
382
945
1950
1122
913
1895
1823
608
352
1956
44
738
217
1437
1864
1780
583
1294
10
1261
718
1252
1804
659
419
1265
1631
394
1321
1333
1607
1964
413
1097
1799
1544
181
274
482
1382
920
625
414
63
1613
1703
1428
132
1514
878
424
468
1475
492
788
1975
197
388
101
54
1158
957
1784
1
834
1867
47
1955
1419
1241
1887
1998
1357
1909
1284
1417
1847
349
1620
1569
1061
130
1515
821
1726
288
1908
565
720
736
1731
123
1957
628
18
1326
1552
1890
354
451
1455
673
449
244
1100
1615
1092
1424
1703
897
525
1314
217
817
858
1297
1919
58
524
1518
1100
96
1774
343
645
1337
1876
1126
1655
1325
380
150
1479
1902
1285
1138
1672
1515
1305
1656
1912
468
944
1248
1514
1292
985
63
757
1256
1350
1426
1823
564
689
1064
418
168
1723
1428
349
912
964
1826
1511
1045
571
941
70
1378
501
706
750
1529
647
1441
3
99
662
1477
1482
349
1585
1779
67
869
210
475
311
606
1024
308
501
1399
1084
1629
1955
1375
333
293
1158
399
1565
1967
1464
1712
1362
950
692
878
1330
1243
565
1830
1443
1912
1644
310
1413
3
1038
79
1864
51
244
1276
1121
1358
738
1037
654
1864
377
177
1269
1469
1265
1001
648
986
495
1511
627
82
1098
452
387
1519
1639
1091
195
879
776
1564
994
1733
21
1644
1084
413
1133
246
1652
1587
1045
675
336
750
1981
111
347
154
219
1142
753
224
1226
903
1202
720
1590
1601
1758
1719
944
415
1615
1950
91
365
1441
1256
1474
11
1001
1577
574
424
1448
985
570
856
1391
718
955
643
99
1629
1113
1498
1911
698
640
1623
1706
1053
941
99
917
1362
1505
1456
1733
1710
1411
288
776
348
768
605
1738
1333
132
1166
685
956
636
336
445
879
1810
896
950
354
1202
1098
1890
678
953
96
1838
950
1536
32
299
248
310
1064
756
667
1371
1317
457
1326
689
1095
262
698
640
504
527
1866
605
1321
187
1804
1307
323
1914
1565
359
1358
1312
1127
917
1159
1702
1810
687
555
1967
418
1936
1302
1375
779
882
1758
1362
641
216
1185
571
1328
1758
626
1414
766
1255
1839
472
994
1045
1406
1845
111
1983
1311
825
1943
1525
1709
110
1964
682
689
169
761
625
1729
1126
705
82
246
1854
1891
643
815
1561
1
1561
1333
681
233
192
347
907
1221
280
1792
766
354
1133
1564
997
454
1418
226
1103
1545
1535
1624
1097
1085
741
1709
1241
1672
1278
1022
1987
1980
1980
968
1156
588
1950
279
1180
1924
795
1317
1130
1156
224
355
1507
856
1267
706
1257
681
219
1713
220
919
1607
1197
1423
65
458
1931
181
1406
244
66
1358
611
667
972
847
1564
1314
1709
1216
198
932
1664
380
1130
1203
521
1829
58
454
878
1028
565
13
1569
1031
504
392
274
1222
1134
1830
827
367
1619
1337
1974
513
78
1830
1511
1252
651
701
265
86
1097
973
1571
813
944
1832
608
787
999
54
1354
233
553
163
1144
1842
890
234
525
554
1666
1257
827
1589
584
1536
887
954
1258
1203
331
501
1931
588
1944
18
1424
154
1388
570
1127
757
1128
574
236
1241
196
1878
738
655
584
847
1759
1857
1201
1321
1706
1591
352
739
1845
11
940
1945
1186
1226
163
1342
1911
682
1871
1741
1916
1581
1176
1391
1258
564
1449
198
1292
51
51
144
1867
415
1639
1297
1607
204
869
1039
394
285
1443
929
1944
63
1556
1342
1737
10
1652
191
663
342
772
1972
1332
70
606
1545
1644
1314
786
1837
1265
1459
643
378
343
692
1895
32
1929
1037
1416
958
1529
1185
1992
65
628
1624
502
331
1293
359
845
890
1351
524
1350
1890
957
195
1905
1083
1061
1992
1278
1719
1732
1159
279
1294
1939
1909
23
631
1702
799
1286
631
558
1026
1839
1459
753
1176
607
365
1429
523
1027
1240
1429
323
953
1095
1956
2000
1464
598
74
472
801
1759
1718
1156
1159
198
1432
1577
940
739
1799
195
567
705
94
333
1972
607
761
678
1908
1479
1286
1686
101
1070
914
1779
1957
1357
1485
1945
1044
293
1482
1896
1712
56
1816
791
1887
999
586
629
875
1278
1533
482
1221
787
1878
169
15
457
1411
1307
744
86
130
1666
1319
659
1620
1652
592
1512
1144
518
333
21
1723
1601
1184
1623
94
649
70
255
1498
592
1792
265
1354
492
1487
1311
78
409
1375
553
1184
1172
1254
205
1317
827
1992
540
1422
200
67
1552
1226
478
1380
1936
549
1371
598
731
756
654
663
1254
799
239
204
527
141
445
180
856
1491
1028
1449
1186
1475
185
647
964
377
13
1354
819
625
772
1248
1422
1425
1083
605
1138
305
1406
1535
1462
1053
162
1448
1689
1912
732
1545
477
997
236
949
626
523
399
168
162
1474
1981
813
60
772
1180
382
128
1429
1133
265
1951
1311
1561
1919
981
1437
673
1656
741
1305
1434
293
1792
1513
1255
1425
232
1411
114
1461
65
1091
204
1525
1762
415
875
1654
701
234
1819
1944
648
60
1837
274
1214
1914
558
1496
954
1103
486
981
655
1718
339
1138
1064
788
731
1227
69
919
956
1330
1134
212
1558
200
552
1981
1867
822
1816
949
639
382
1896
1240
1581
