2000
16 7 8 6 1 8 2 7 4 1 15 15 12 5 15 7 3 9 1 8 12 3 7 16 9 8 13 6 3 11 10 15 11 6 9 7 11 3 11 15 3 4 2 10 14 1 11 3 5 10 2 6 1 2 15 16 12 3 2 1 2 9 14 5 3 16 2 12 7 4 8 15 1 9 4 11 7 3 12 9 16 5 2 6 11 8 14 7 7 1 1 2 15 1 10 15 8 16 1 7 15 11 9 1 8 5 12 3 8 2 9 14 2 4 6 4 10 16 12 12 15 8 5 2 1 13 2 1 2 7 15 5 11 9 4 8 1 12 9 11 15 1 4 16 7 10 16 5 10 11 14 16 1 11 13 15 9 2 11 10 10 2 3 16 16 12 1 1 2 14 10 13 9 5 5 3 13 13 4 13 16 6 12 4 5 11 4 7 3 14 7 6 7 5 1 10 15 6 2 5 8 6 13 4 5 14 8 5 2 13 16 5 13 4 8 12 9 14 12 10 10 10 2 2 10 13 13 5 2 16 3 5 3 4 3 1 14 7 11 9 2 12 1 5 4 6 12 6 2 5 10 15 9 13 10 9 7 5 9 6 4 13 10 5 16 5 4 14 4 3 5 15 5 5 12 13 9 2 7 10 16 4 10 3 3 10 11 3 3 7 14 15 2 2 11 11 12 6 4 6 2 3 5 5 10 8 8 12 2 7 3 5 12 7 8 11 12 3 16 2 6 9 3 7 4 16 10 10 5 4 16 13 11 16 8 2 6 1 15 9 1 12 15 7 5 8 2 8 11 2 12 8 10 4 11 7 2 6 11 8 5 12 10 10 1 15 16 7 15 5 8 6 5 3 16 15 3 13 8 14 11 9 14 13 3 7 13 8 5 4 3 15 12 7 5 14 5 4 1 7 1 3 14 10 11 10 12 8 11 13 9 4 5 14 3 8 11 6 16 6 13 4 9 1 5 11 10 13 2 13 7 16 1 4 8 7 13 7 15 15 3 13 4 5 1 8 4 5 9 9 3 7 10 4 10 4 12 9 5 2 3 2 13 10 13 14 6 4 9 5 10 2 16 6 3 1 11 6 13 5 10 8 13 5 4 5 8 3 11 7 2 15 5 11 4 14 7 6 10 7 4 10 9 3 9 12 16 1 5 13 9 5 13 3 6 2 3 11 2 7 13 1 15 4 6 8 14 5 8 7 11 10 15 16 2 9 11 9 8 4 2 10 12 4 16 10 4 11 5 15 4 4 12 3 6 6 1 3 15 16 16 1 2 7 1 10 5 13 2 6 1 8 15 7 10 3 2 12 5 3 10 10 5 5 15 16 7 9 15 12 8 4 7 12 7 4 16 5 4 12 8 13 12 14 13 3 12 8 7 10 8 9 4 2 4 1 15 7 16 11 14 12 14 8 9 6 2 7 14 12 9 1 3 15 1 9 3 16 16 2 1 8 6 3 2 9 5 9 5 1 6 8 3 3 14 9 8 14 10 15 6 4 2 2 13 12 3 6 11 1 4 1 11 1 13 9 2 15 4 11 5 13 16 8 11 14 14 10 4 15 12 12 12 15 12 11 16 14 16 16 7 14 10 14 7 14 16 13 5 16 13 13 14 9 3 2 9 5 3 9 11 4 8 4 6 8 7 2 10 13 15 13 7 12 11 14 10 7 15 13 6 5 16 6 4 5 8 1 2 8 15 2 1 13 11 10 8 14 7 6 13 1 5 5 13 16 15 13 3 8 5 5 5 13 9 1 7 3 3 9 1 9 3 5 10 1 14 7 6 9 13 2 13 7 15 11 7 5 16 10 5 4 4 2 11 4 14 7 15 8 10 9 4 16 4 14 11 12 8 3 14 7 15 7 6 8 4 14 1 7 7 3 13 1 12 10 2 8 13 1 1 3 8 14 4 3 12 6 10 16 14 8 14 13 4 2 9 2 3 7 2 9 6 7 3 7 8 11 2 16 1 2 7 5 2 9 8 15 15 5 16 14 11 16 11 16 8 9 2 4 9 12 11 11 6 3 9 11 11 15 12 8 1 12 1 5 9 5 10 11 4 12 15 15 5 7 8 8 13 10 10 9 13 12 16 6 5 5 8 5 9 14 1 14 3 16 9 9 14 12 12 6 6 8 6 15 15 6 4 1 1 7 9 4 15 1 12 8 14 8 10 3 7 11 6 1 7 1 3 14 5 4 15 12 11 6 2 12 3 11 10 4 15 9 9 14 13 14 15 6 15 2 5 8 9 7 15 6 5 2 1 11 9 13 1 16 2 3 4 14 15 3 5 6 15 12 7 10 8 8 14 5 2 5 11 16 4 13 14 2 2 8 7 10 2 5 12 9 16 15 11 5 3 6 13 4 1 14 1 15 1 5 10 5 7 10 16 13 16 3 12 8 16 14 4 3 12 3 4 15 9 11 11 11 16 1 2 11 4 10 6 11 16 10 11 4 10 9 4 16 9 13 4 10 8 10 12 12 14 3 12 11 13 7 2 2 14 16 12 9 10 16 7 7 8 13 10 10 14 13 1 7 4 13 16 9 5 5 15 15 10 13 3 13 7 1 16 1 14 6 6 5 10 1 16 1 8 8 13 13 3 14 13 5 5 4 5 8 12 3 9 4 15 10 2 14 2 2 1 4 1 1 4 6 16 15 11 5 12 5 12 10 10 10 10 5 10 13 6 3 3 8 8 2 5 5 9 8 12 1 11 2 16 13 9 6 16 8 3 15 6 7 11 5 6 2 5 10 9 2 1 15 13 14 13 10 16 8 2 5 16 12 13 7 6 9 10 3 5 6 3 15 11 16 5 14 6 8 4 6 1 12 12 2 2 12 15 9 16 2 11 6 2 9 3 10 8 8 7 14 10 10 15 2 12 13 11 12 13 15 15 11 10 15 7 16 14 16 2 8 9 11 4 3 11 8 15 11 8 1 9 11 3 10 11 13 11 12 12 13 15 3 14 13 3 6 16 13 5 4 10 12 9 16 10 11 11 4 4 16 10 16 15 15 3 11 15 1 8 14 12 10 14 15 3 10 1 7 7 7 7 6 12 11 4 1 1 10 3 2 7 1 12 9 8 13 5 8 14 5 13 12 4 4 11 5 4 5 9 7 7 16 16 5 9 16 5 1 1 7 1 14 15 9 5 2 10 10 13 16 8 10 6 14 16 12 9 12 9 10 11 10 4 1 11 16 6 14 14 8 12 3 8 16 11 2 15 3 14 13 2 12 14 7 1 5 13 5 13 5 1 2 3 8 10 3 14 12 12 5 14 3 10 1 1 9 1 4 6 16 10 13 10 5 14 8 5 4 7 7 13 7 2 2 11 7 9 7 3 5 10 9 15 7 5 5 9 13 16 7 3 11 15 15 1 3 4 16 13 4 3 5 5 15 10 13 3 1 11 2 1 3 4 12 13 10 16 15 14 11 2 2 2 2 15 5 7 13 12 4 12 5 7 11 2 6 7 2 1 8 6 13 12 4 7 5 10 8 16 1 7 6 3 8 3 10 6 11 12 4 9 5 6 3 7 11 10 10 16 11 8 13 12 6 5 9 3 10 3 6 12 11 7 14 11 14 3 8 1 12 7 4 7 9 3 1 4 9 2 9 3 10 9 8 4 14 12 4 3 10 7 11 6 11 3 9 1 16 5 15 1 16 9 15 12 12 7 8 9 14 6 12 2 7 5 4 13 12 12 1 7 1 1 14 15 1 13 16 13 4 12 6 10 8 15 5 8 9 3 9 13 7 13 1 10 9 11 16 16 2 15 8 5 1 5 8 3 2 16 5 5 14 5 1 12 3 13 4 5 12 9 3 12 10 14 2 11 15 2 5 3 15 9 11 7 2 8 2 15 15 15 7 5 12 11 12 2 5 12 13 14 7 7 16 6 3 7 1 10 1 14 12 15 9 12 8 7 3 3 3 9 11 13 8 11 4 14 5 6 14 7 13 1 12 16 11 11 16 2 4 10 5 2 3 13 13 7 4 9 5 1 3 9 5 14 12 16 5 11 7 13 14 6 14 11 8 12 16 15 4 4 15 2 1 12 16 7 5 14 2 7 10 6 5 14 7 15 12 12 1 16 12 12 9 10 15 11 6 13 12 9 8 10 8 11 2 12 10 15 2 4 7 8 11 4 6 12 2 11 13 14 8 12 11 16 14 2 16 3 8 6 16 2 14 15 7 6 16 15 16 12 6 7 2 16 16 12 16 6 4 1 2 4 1 11 6 16 16 11 3 9 9 9 4 4 16 11 4 15 6 13 11 3 11 14 11 2 8 4 11 15 1 10 16 9 4 1 13 16 10 12 9 8 5 5 14 7 7 1 5 7 8 6 15 13 6 7 13 8 16 13 15 5 9 14 13 7 11 15 6 13 11 16 15 10 6 2 4 9 12 1 9 7 8 2 5 10 14 12 1 12 9 5 7 6 14 14 9 8 8 5 8 14 3 2 16 11 13 2 1 1 6 11 11 11 1 2 9 1 12 1 2 11 1 12 14 1 15 6 3
613
1056
1
421
1
1
421
1528
1086
1
984
1
404
775
1705
137
1251
421
1899
1274
269
467
1
386
557
1283
1013
421
299
1822
1
421
639
79
1
1
951
1
1
269
1
421
386
1974
728
851
1
1
156
79
223
386
1
219
1988
1056
1059
1
1481
1
1
421
925
157
766
404
1452
1
1
805
269
1765
1
1
752
1605
7
1527
1
575
1101
1
127
1
951
1346
76
409
1409
213
951
269
514
1
420
1
590
1598
1
1075
507
421
1747
1
421
918
1056
1075
1785
1
649
572
1833
1
1427
1075
269
1377
746
1086
1785
1067
652
1268
278
386
63
1
579
782
1
944
1413
1
1057
269
740
1241
1
1988
1485
1796
1169
1477
1086
1
1135
1104
689
1480
1615
137
1808
851
584
1
1172
897
1833
1741
1075
1165
1609
173
467
1193
1
1607
1075
1
1974
467
905
135
1427
1
467
472
1
1
1
579
1
1485
1527
1092
350
213
951
783
1
1471
1413
1465
409
435
1415
421
1
1
1185
258
133
749
1615
1
925
1524
1
1657
1
1727
1808
1764
450
1283
1
1
1251
1
404
1
347
666
1305
951
224
1843
421
1
1075
1076
1106
918
269
1
200
1445
1167
1680
404
1
941
292
1
1
1567
1
740
1
951
1501
918
759
1
951
1249
135
805
421
403
1
821
1
412
1986
1
1
1
1306
1
1
269
1
343
1
1
1
1
1086
1137
680
133
7
1
135
1
1778
660
1791
1427
1357
1269
1
425
1
1794
831
918
1
73
1086
1527
137
421
278
1
1
1206
269
869
1
1269
127
1067
1838
1067
269
404
1
1603
1
672
1
1480
1
951
1
1681
135
1609
1778
1360
1619
1865
1
497
1
1
1720
708
1
514
137
1
1963
1
918
1056
1
1
1910
732
1765
1225
572
304
1
1829
1
1
1100
404
968
879
1
206
562
1
951
514
902
202
1427
1
1329
904
386
1
1829
421
319
1633
1086
1
1
951
1348
1422
1
59
1
1
1291
1
1824
412
394
533
308
1
1
386
497
1822
391
1
1
269
36
557
421
1963
598
269
562
504
1299
7
1
557
1794
404
1056
1659
386
1
249
1
1
1
1627
287
1
1
386
740
1
1490
1430
1000
1382
1829
1633
1
1
1
133
1
782
1
1970
1
1
1605
57
1657
1971
1
1075
1
1834
1747
269
1
1
910
1251
1180
514
870
1305
579
1299
421
918
1
439
1305
1972
331
1569
1794
1
1075
1
951
574
394
135
19
537
1978
1
1798
1
1
917
877
1
1305
1745
1666
1
1
1
1
269
1
1
1680
1460
1086
1075
572
1
1
1
297
1290
1
1709
1
1
269
146
412
969
772
386
1
319
1
1
1
951
404
966
1473
846
1974
1
1229
418
1
579
579
1999
1
1918
579
1020
897
1691
1075
404
1
1
199
1153
127
386
1
1485
821
1
1633
1591
1
1075
1727
1427
1
705
1975
1298
1954
1
1598
1075
1056
1605
1
1246
1
1765
1
859
1
1
571
917
1833
1968
1985
1740
1
1
1633
315
1251
1
1
748
1
1
895
1
1489
752
831
1181
1025
246
1
1013
1798
868
409
1
1
990
920
252
1092
269
918
972
1
421
1
1
1910
1
1269
7
421
337
741
1829
904
951
1777
721
219
1
1
1
1
421
1
421
1
1
1747
1794
1166
1978
1301
386
1789
681
1
421
157
259
1139
1269
1
1
651
961
689
48
719
1
421
1883
1
1
1809
1100
951
421
1
1
1
1
1794
1527
1
421
1610
1
1
1193
1
386
421
1
1000
1653
1
272
328
1
752
135
1326
1314
1
574
1
691
1092
659
1
1124
1657
394
951
1
1
844
1957
1
579
1598
918
1086
918
775
509
1
400
1025
269
269
870
1
242
1822
386
421
269
1
467
665
1996
421
386
404
394
252
1
1382
1093
782
443
1
1
1910
1
1
1
1
1
1794
1545
1305
646
567
870
421
1219
1
1086
1801
54
1345
421
1427
1
31
1
421
421
918
95
237
1
409
1705
1
274
951
1224
1
904
1
297
137
870
1633
463
386
1728
1269
1
1
450
41
351
1445
442
386
1605
1
1427
1765
1999
689
1
474
1
1075
1285
1
590
1489
1307
319
1687
548
1284
1075
1
248
1427
1401
1314
1675
1
951
1
1274
1
1
439
1357
703
1898
1626
1
951
1785
1131
1
1
178
297
319
1
350
1677
403
461
1092
421
1963
893
20
748
386
689
771
1
1
1427
1765
497
1974
714
467
1133
1
951
421
582
467
1720
1101
740
467
1068
1765
1
554
963
1131
1
246
1
386
1427
1
343
1794
1
404
1218
628
1066
1557
1
870
421
1
1832
1489
1833
20
1269
1025
1964
1309
1
274
442
412
1899
1131
1
823
467
1899
951
1765
386
117
748
467
870
1829
1
1305
972
987
1
1
633
951
627
1
7
1
1434
1795
1923
1269
1427
1
1
1413
421
1
1960
1609
1
1413
337
1579
1525
1020
1179
924
759
269
54
404
649
404
951
967
19
1086
502
1418
1
393
1
1251
1
1388
1
982
467
618
1269
1101
127
1809
1
1153
748
1
1630
252
1524
712
7
851
1944
1
1305
209
1
1569
217
1335
269
1382
572
1
1
1075
1427
454
1633
6
1
1064
421
1791
1833
922
1758
1
1031
421
1
206
740
1794
851
951
1794
1
1
1
1809
1269
1
1527
1653
467
467
1067
386
1
1
1554
421
1526
54
1
1427
704
1427
1657
386
1
1
1
1785
155
1131
1
1
1
1086
1086
1
421
1
895
1159
467
1
1
319
1
1878
1
1452
1788
1899
1
534
269
1674
1
1586
269
1663
1
1
393
885
699
1
1292
783
1
7
806
1815
1774
421
467
1279
918
1181
1
1
467
88
1061
1
1
803
421
1
1
1866
1
1485
1464
421
421
1519
1
1
1598
1
1665
269
127
1838
1
951
1
1527
261
1
1560
1382
1
1362
412
1
689
1
337
1
579
1282
579
782
708
1181
1153
951
170
1152
1
1765
904
1075
1485
269
1
269
1
162
431
1446
421
319
1582
951
421
1
1064
1062
421
1660
1687
1305
1
1
1
1007
54
1
421
1
1101
1
752
1974
566
421
98
1
467
1
7
1257
269
1422
1
1131
1181
274
467
497
1
269
391
497
421
1833
1
269
1
541
951
7
467
1605
404
1988
19
104
1007
961
1251
961
1
1251
1
1
1
538
951
1238
1
1
421
1
856
1603
1305
421
1
1249
1
1633
386
1
925
1631
219
1
1963
1
1
1
1
467
1
404
1633
1
1989
1
1605
1075
1829
1435
1000
1181
1000
1803
1861
981
1778
766
1603
1633
557
1
1
1
1
1309
1829
902
1653
284
1838
1269
54
1259
686
1217
421
1798
421
1268
1
403
20
1
1
1
386
636
269
421
393
49
1653
951
269
474
36
421
1
1268
620
497
1889
269
1
1
1
557
350
7
1075
1382
156
666
421
157
1
1075
293
1064
604
59
461
467
421
1
1
1
1
1956
1185
1
441
1147
579
1798
837
1465
269
1
65
514
1
1
127
421
1969
1153
1
386
326
337
7
937
1334
1982
579
1971
1
579
1
1
394
156
1834
1
1
1
1608
1
421
178
1
1
386
1026
269
1822
199
1427
232
59
1
548
1
1794
827
1
1
1075
1057
269
421
1
1428
1
1
1602
1133
1
990
1075
1758
1974
904
1633
620
1481
1
210
1027
1
1
1
1
1489
386
1131
421
1246
1582
1
1
951
1
1446
951
1833
1764
980
269
895
1075
1527
1
1041
1489
1
1
219
1
831
1
1015
902
1075
421
1
1
213
1
1295
918
60
1
54
1
902
823
1
139
1056
467
1
951
1544
514
69
7
893
1174
63
1899
1086
1576
1485
598
421
1
1
269
1
537
1086
269
1206
394
20
78
7
775
863
421
1747
782
1899
1
1959
1
418
1075
1056
1598
1
579
631
1794
1
162
1
1873
1282
1799
414
231
7
1
1633
36
1963
951
404
1442
1166
1
404
1
1361
269
1139
122
347
1
421
1
421
319
1799
421
1
7
297
387
404
1
1
877
1527
7
313
590
1025
1075
1
1
1427
474
386
1075
1056
1
1451
1
951
1075
421
1703
1025
1269
1
1832
1202
1
1
1
1
1
1
1
790
1
414
1999
450
1
1785
951
1131
951
1086
1
1
386
1394
1000
579
1
1
1092
269
663
918
870
20
1
1524
1427
1289
1
1
1
1
421
928
1
1
740
225
1
7
651
1
1
1
1633
1459
1302
269
1118
1
1
642
1
1758
1
521
269
269
1043
1427
525
937
6
870
951
269
741
666
1657
1
1
1131
615
1382
918
1
951
1
1075
1054
1527
1762
497
1427
1
440
386
598
1042
172
1
1633
1
552
521
1
1
1653
173
1987
745
604
117
1
1
418
404
292
695
796
714
421
1
1413
1
1086
1415
1910
1
1
1978
1
394
1527
1056
59
1
689
7
1
1
1
1427
1607
420
1
951
1
36
269
1
1
1075
1481
1
1434
1872
1075
78
179
961
1
866
1567
127
1357
1
740
269
842
388
1
1
287
62
1978
951
1
1
1974
1755
1
421
1305
757
557
1
421
740
404
386
901
356
1086
870
1
559
1582
1974
1
1
757
54
421
996
1
1
1
1
1
1851
870
930
1292
1
200
1
1
1
1465
1633
297
1427
1977
20
1
1300
421
1422
77
269
1524
697
1
343
782
1464
1146
1765
250
1
525
98
93
1
1075
1308
1
467
421
1115
1586
775
951
1267
1086
1
1500
1
421
497
461
1689
870
665
59
584
961
1
1
1006
1086
805
1
1
704
404
1495
753
935
1511
548
514
1283
1
918
1
1822
1180
1101
1051
896
209
497
794
1
386
1
1347
494
1
487
421
618
1614
269
1361
863
31
639
421
786
1
951
1
1
1796
1
1
1174
1
238
1605
1
1
1597
269
322
1
1
1829
404
1
1305
1
7
269
1
1
237
1032
1181
951
472
269
1
1
1
1
487
1
1093
421
1987
1582
653
1526
1
746
421
404
1
7
983
48
1086
1026
805
421
1427
472
1
36
286
396
1
386
1794
1
1
1251
1086
1
1657
1802
537
925
1
