2000
3 2 1 1 2 2 1 2 1 1 1 1 2 1 2 1 2 2 2 1 2 1 2 1 2 1 2 2 2 1 2 2 2 2 1 2 2 2 1 1 2 1 1 2 1 1 2 2 1 2 2 1 2 2 1 2 2 1 1 1 1 1 1 1 2 1 2 2 1 2 1 1 2 1 1 2 1 2 1 1 2 1 1 1 2 2 2 1 1 2 1 1 2 2 2 2 1 2 1 1 1 2 2 1 1 2 2 1 1 1 1 1 1 1 2 2 1 1 1 2 1 2 1 2 1 2 2 2 2 1 2 2 2 2 2 2 1 1 2 1 1 2 1 1 1 2 2 2 1 1 2 2 1 2 1 2 1 2 2 1 2 2 1 1 2 2 2 2 2 2 1 2 2 1 1 2 1 2 1 1 1 2 1 1 2 2 1 2 2 1 1 2 2 2 1 1 2 2 1 2 2 1 1 2 1 1 2 2 1 2 1 2 2 1 1 2 2 2 2 1 2 2 2 1 1 1 1 1 1 2 2 1 2 2 1 2 1 1 1 2 2 1 2 1 2 2 1 2 1 1 1 1 1 2 1 2 1 2 2 2 2 1 2 1 1 1 2 2 1 2 1 1 2 2 2 1 1 2 1 2 1 2 2 2 1 1 2 1 2 2 2 1 1 2 2 2 2 2 2 2 2 1 2 2 2 2 1 2 2 1 2 2 2 1 1 2 2 1 1 1 2 1 1 2 2 1 2 1 1 2 1 2 1 1 2 1 1 2 2 1 1 2 2 2 1 2 1 1 2 1 2 2 1 1 1 1 2 1 2 2 2 1 2 2 2 2 1 2 1 2 1 2 2 2 2 1 2 2 2 1 2 2 1 2 2 1 2 1 2 2 1 2 2 1 2 2 2 1 2 1 2 2 2 2 1 1 1 2 2 2 1 2 1 1 1 2 1 1 2 2 1 2 2 1 2 1 1 2 2 2 1 2 1 1 1 2 2 2 2 1 2 2 2 1 2 2 2 1 1 2 1 1 2 2 1 2 1 1 1 1 2 1 1 2 1 2 1 1 1 2 2 1 1 2 1 2 2 2 2 1 2 2 1 2 1 2 2 1 2 2 2 1 2 1 1 1 2 2 2 1 1 1 1 2 2 2 1 1 1 2 2 2 1 2 1 2 2 1 1 2 1 2 1 1 1 2 2 1 2 2 2 2 2 1 1 1 1 2 1 1 1 2 1 2 2 1 2 1 2 2 1 1 2 1 1 1 1 2 1 2 1 2 1 2 1 2 1 2 2 1 2 1 2 2 1 2 1 1 2 2 2 1 1 1 2 2 2 2 2 1 1 1 2 1 1 2 1 1 1 1 1 1 1 1 2 1 1 1 2 2 1 1 1 2 1 2 1 2 1 2 2 2 1 2 1 2 1 2 2 2 1 1 2 1 2 1 1 2 1 1 1 1 1 2 1 2 1 2 1 1 1 2 1 1 2 1 1 1 1 2 1 1 2 2 2 1 1 2 2 2 1 2 1 2 1 2 2 2 1 2 1 1 2 2 2 2 2 2 2 1 1 2 2 2 1 1 1 2 2 2 2 1 1 2 2 2 1 1 1 2 2 2 1 1 2 2 1 2 2 2 1 1 1 1 2 2 2 1 1 2 2 2 1 2 1 2 1 1 1 1 2 1 1 2 2 2 2 1 1 1 2 1 1 1 1 1 1 1 1 2 2 1 1 1 2 2 1 1 2 2 1 1 1 2 2 2 2 1 2 1 1 2 1 1 2 1 2 2 1 2 1 2 1 1 2 1 1 1 1 1 2 2 2 1 1 2 1 2 1 1 1 2 2 1 2 1 2 1 1 1 2 2 1 1 2 2 1 2 2 1 1 2 2 2 2 1 1 1 2 1 2 2 2 1 1 2 2 1 2 2 2 2 2 2 2 2 1 1 2 1 1 2 1 1 1 1 1 2 1 2 1 1 2 1 1 2 1 2 1 2 1 2 1 2 1 1 2 2 1 1 2 2 2 2 1 1 1 1 1 1 2 1 1 2 1 2 2 1 1 2 2 1 2 2 1 2 1 2 1 1 1 2 2 1 2 1 1 2 1 2 1 1 2 2 1 2 1 2 2 2 1 2 2 2 2 2 2 1 1 2 1 2 1 1 1 2 2 1 2 2 2 1 2 1 1 1 2 2 1 1 2 1 2 1 1 2 2 2 2 1 1 2 1 2 1 1 1 1 1 1 1 1 2 2 2 2 1 2 2 1 1 2 2 1 1 2 1 1 2 2 1 1 1 2 1 1 2 1 1 2 1 1 1 1 1 1 2 2 2 1 2 2 2 2 1 1 1 2 1 2 2 2 1 1 1 1 1 2 2 2 1 2 1 1 2 2 2 1 1 2 2 2 1 1 1 1 1 1 2 1 2 2 1 1 2 2 2 2 1 2 2 1 1 2 1 2 1 1 1 1 2 1 2 1 1 1 1 2 2 2 2 2 2 2 2 2 1 2 1 1 2 1 2 1 1 2 2 2 2 2 2 1 2 2 2 2 2 2 1 2 2 1 1 1 2 2 1 2 2 2 2 1 1 1 2 1 1 1 1 1 2 1 2 2 1 2 2 2 1 1 1 1 2 2 1 2 2 2 1 1 2 2 2 2 2 2 2 2 2 1 2 2 1 1 1 1 2 2 1 1 1 2 1 2 1 2 2 1 1 1 1 2 2 1 2 2 1 1 2 2 2 2 1 1 2 2 2 1 1 1 2 2 2 2 1 1 1 1 1 2 2 2 1 1 2 1 1 1 1 2 2 2 1 2 1 2 1 2 2 1 2 1 2 1 2 2 2 2 2 2 2 1 2 2 1 1 2 2 1 1 2 1 2 1 2 2 1 1 1 2 1 2 2 2 2 1 1 2 2 1 1 1 1 1 1 2 2 1 1 2 2 1 1 2 1 1 1 2 2 2 1 2 2 2 1 2 2 1 1 1 2 2 2 1 2 2 1 1 1 1 1 2 2 1 1 2 2 1 1 2 2 2 1 2 2 2 1 1 2 2 1 1 1 2 1 2 2 1 2 1 2 1 2 1 2 1 2 2 2 1 1 1 1 1 1 1 2 1 2 1 2 2 1 2 1 2 1 1 2 1 1 1 2 1 1 1 2 1 1 2 1 1 2 2 1 1 1 1 1 1 2 1 2 2 2 1 2 2 1 2 2 1 2 2 2 2 2 1 2 2 1 1 2 2 2 2 1 2 1 2 1 2 1 1 1 1 2 2 1 1 1 1 2 1 1 2 2 2 2 1 1 2 1 2 2 1 1 1 2 2 1 2 1 2 1 2 1 1 1 1 2 2 1 1 2 1 1 2 1 1 1 1 1 2 1 2 1 1 1 1 2 1 2 2 1 2 2 2 2 2 1 1 1 2 1 2 2 2 2 2 2 2 2 2 2 2 2 2 2 1 2 2 2 1 2 2 2 2 1 2 2 1 2 1 1 2 1 2 2 2 2 2 1 2 2 2 1 2 2 2 2 2 2 1 1 2 1 2 1 1 2 1 1 1 2 2 2 2 1 2 2 1 2 1 1 1 2 2 2 1 2 2 1 2 2 2 2 1 2 1 2 2 2 1 2 2 2 2 1 1 1 1 1 2 2 1 2 1 1 1 2 2 1 1 1 2 1 1 1 2 1 2 1 1 1 2 2 2 2 2 1 1 2 2 1 1 2 2 2 1 2 1 2 1 2 2 2 1 1 1 1 1 1 2 1 1 1 2 2 2 1 2 2 2 2 1 2 2 2 1 1 1 1 2 1 1 2 1 1 2 2 1 2 1 1 1 1 2 1 1 1 1 1 2 2 2 2 1 2 2 1 1 2 1 2 2 2 1 2 2 1 1 2 1 2 2 1 1 1 2 1 2 2 2 2 2 1 1 2 2 2 2 2 1 1 2 2 1 2 1 1 1 2 2 2 1 2 2 2 1 2 2 1 1 2 2 1 2 1 2 2 1 2 2 2 2 1 2 1 1 2 1 2 2 2 2 1 1 2 1 1 1 1 2 1 2 2 1 2 2 2 1 1 2 1 1 1 2 1 1 1 1 2 1 2 1 2 2 2 1 1 2 1 1 2 1 2 1 2 2 2 2 1 2 1 1 2 1 2 1 2 2 2 2 2 2 2 1 2 1 1 1 2 1 1 2 1 2 2 1 2 2 2 1 2 2 2 2 2 1 1 1 2 2 1 2 2 2 1 2 1 1 2 2 2 2 2 1 1 2 2 2 2 2 2 1 2 1 2 1 2 2 2 2 1 1 2 2 2 2 2 2 2 1 1 1 2 2 1 2 2 1 1 1 2 2 1 1 1 2 1 1 2 1 2 1 1 1 1 2 1 1 2 2 1 1 2 1 1 1 1 2 1 1 2 1 1 1 1 1 1 2 1 2 1 1 1 2 2 1 1 2 1 2 1 1 1 1 2 1 1 2 1 1 2 1 1 2 1 2 2 1 1 2 2 2 2 2 1 1
1709
21
311
157
1831
1552
288
422
1804
876
1445
1709
1006
1804
1460
16
61
69
1583
773
1354
347
1
728
910
227
1302
1398
1951
632
1391
286
1034
1240
169
629
590
1801
1970
1532
1728
960
1574
1171
1278
811
1240
154
1741
1174
329
1583
1494
1592
1523
1802
1516
92
1116
750
1089
718
1296
1111
1806
1858
1928
1884
659
1815
699
438
243
1523
727
506
1074
255
1782
795
630
1327
1353
1232
252
1798
1758
1465
1037
1780
376
463
59
507
561
966
37
1654
366
1428
1417
1792
1137
805
1207
678
820
1515
1544
1831
464
1322
482
1602
408
235
129
1741
238
1212
54
149
1818
1794
1871
1792
1455
668
1919
1578
684
753
1389
255
1521
1769
1605
1199
1535
154
169
715
727
369
1299
729
1889
355
137
1649
1977
72
926
697
817
282
1982
1192
1950
1460
1848
1977
743
1545
393
61
682
1828
590
1570
808
1871
1088
163
1865
1332
750
1853
1383
1958
1388
943
179
337
769
1596
1133
1632
1491
1386
1209
386
1231
1607
453
1521
902
670
717
1949
1380
1366
556
445
1018
701
1525
1088
1406
133
1388
1993
708
1198
1904
560
1649
498
135
384
1311
266
1383
1456
159
854
631
1081
1806
1358
153
458
1116
1428
58
1137
808
694
1851
54
1203
734
155
1295
421
1176
1380
1834
1310
1340
151
380
1906
1646
822
750
1530
1090
1380
1829
656
1511
1346
588
668
791
1263
862
1709
530
813
36
257
565
62
1771
699
1906
1885
1943
1144
1610
1317
1034
29
950
671
1247
1736
1271
981
496
1646
1743
1167
1457
784
1249
643
957
592
15
575
490
1827
1609
444
984
24
169
1709
1465
815
1722
642
1730
1854
1654
440
379
1383
874
1553
365
1685
937
1109
517
659
1100
179
573
1222
1331
798
534
1338
1879
477
1005
356
783
797
44
796
1935
1436
1566
810
570
205
1963
1275
421
1827
1921
17
1972
166
629
1538
768
1982
509
1136
1196
1
590
604
1465
863
1759
1006
796
653
531
749
802
1383
1331
806
1037
1080
1731
1455
169
57
481
1331
982
1416
808
1529
726
433
530
1799
1222
879
1697
1791
481
1844
546
14
1800
350
1811
518
173
1633
1858
756
570
369
827
1982
1234
399
680
973
1121
1905
799
153
1704
192
652
128
1300
971
966
653
513
1556
688
1338
1444
562
1793
742
1900
376
1353
633
1092
299
940
392
1805
628
1154
783
779
186
942
1912
979
32
1654
1367
1588
1363
1805
442
956
1760
1070
188
396
202
1933
1796
1171
1199
817
624
905
1103
1571
997
653
141
956
1562
90
192
1949
528
1917
446
789
1106
1231
1
869
343
1241
335
668
1951
1651
1938
357
1772
1
254
810
1306
1521
545
377
496
363
556
1828
892
452
943
797
1176
1684
1492
538
1081
701
1583
1176
1532
1380
1414
125
997
29
1731
45
1245
670
1699
208
1819
942
449
1796
857
802
1484
1963
234
1951
34
518
884
1833
534
1724
254
761
1167
1535
1981
227
156
1912
1288
119
606
1491
1308
902
862
1610
454
541
1162
283
1148
1517
592
392
1477
1553
1574
1235
1015
1797
1586
1502
905
1013
964
1741
1716
1263
983
1087
1545
362
1330
572
1376
1200
1982
766
229
770
1900
697
1765
166
930
543
1754
808
590
1444
806
1174
1460
615
1313
127
155
1166
1325
1122
855
501
1017
1553
853
1491
1550
1925
1977
1648
1563
789
810
1296
438
919
1364
1629
1113
1668
1822
1317
1409
530
1426
528
950
1949
1945
1221
634
125
531
1821
1287
1596
1044
1460
487
127
1523
1815
642
1583
789
1089
1149
536
1427
1151
688
1644
1806
221
1618
349
988
924
438
506
1654
526
743
1142
821
986
1133
627
437
329
701
615
141
522
368
1672
1796
385
1871
862
1574
307
1901
632
784
1655
18
841
1527
1148
137
1145
932
815
10
1088
1063
1780
449
1729
1081
282
1192
137
233
1353
1935
788
633
1990
1202
306
1398
770
1290
1176
440
750
1102
1243
976
943
1133
872
721
943
1826
997
376
352
153
817
1693
1405
1797
496
1851
910
1772
1093
1
1703
1525
653
1442
15
1442
1936
1209
1132
444
943
932
1578
1801
1583
1831
1512
1517
579
355
1532
670
498
668
375
1082
1523
1839
515
1791
213
1417
1803
1950
1806
419
498
1394
324
1
517
892
483
1904
711
170
1811
909
329
1551
1718
565
999
381
1546
136
1633
188
1649
1222
530
1517
688
306
1973
1164
387
1179
1442
795
1587
32
1805
1760
1869
1515
1578
166
1417
1093
553
879
202
51
783
1209
259
118
647
1477
1089
1614
1930
952
190
1987
1806
444
1865
763
1852
1154
1296
19
1772
133
13
214
125
1981
1935
1517
1544
852
1566
1383
1792
1059
1641
50
796
402
803
1801
1251
622
127
1789
67
1399
1828
34
1523
1225
1518
983
1089
1455
1811
743
766
1583
223
1816
1802
186
351
1785
1514
1772
48
940
1207
943
768
553
871
1
1475
24
387
758
329
120
202
1038
1672
157
282
381
1038
1338
528
62
1044
1730
558
1144
716
1631
32
1851
1431
1332
1398
154
791
1032
846
483
329
1905
906
17
1400
1313
1769
1806
807
193
61
1109
1
416
426
889
1552
477
1703
1057
1129
1686
1726
136
1289
1835
1239
1278
1667
1754
1961
1300
1785
766
565
165
393
943
1431
910
1649
149
1325
83
142
883
1888
678
124
821
246
240
1437
71
914
802
1006
63
1950
1212
966
402
1035
904
219
88
1827
602
1534
1206
1932
761
257
1455
1216
675
1146
1072
169
257
1116
1961
1383
1854
763
1353
1301
1198
1912
792
35
1376
29
1769
266
793
1400
1965
1855
1726
1704
1032
1805
1269
319
189
1230
1327
528
798
1879
909
1607
1116
1450
1331
1644
1203
1375
1598
535
255
989
756
1918
964
380
1399
1231
653
483
1358
1390
266
918
1630
1434
1048
511
56
859
515
1421
188
416
1672
989
1348
1486
404
802
1207
1142
1797
1791
360
522
240
1254
1099
355
1611
1521
679
1099
999
1277
445
1853
1960
1089
1523
540
420
795
1842
39
1900
1057
1207
565
157
966
1792
521
507
1361
1149
682
350
665
679
1904
216
157
1851
1888
1853
1434
515
244
1789
1742
940
1298
479
972
382
1431
1359
14
337
1338
369
980
1233
1231
1044
934
1091
942
519
1853
1494
501
140
1532
810
1428
992
483
1103
808
910
487
1974
1570
1974
84
1445
1296
1246
461
390
1264
1797
922
1047
1044
1570
142
941
1245
1517
1105
1374
1970
216
995
766
1815
675
1523
792
1860
760
1933
1428
1838
1301
177
272
1610
763
1930
501
1685
342
946
1492
34
528
999
74
1911
1096
42
1668
1477
1531
679
1044
432
1833
522
240
1340
1627
921
1509
1951
753
672
76
421
1171
304
590
1823
255
623
764
1592
351
202
728
363
1055
1648
129
707
763
1678
929
111
1676
1780
795
838
859
1517
1353
1933
808
1063
795
1562
966
53
796
214
863
649
1904
1052
528
1492
1175
1854
1851
1040
1334
1405
1200
910
1240
1824
272
926
1129
1420
1598
1585
1088
1290
208
1198
1452
375
1578
1076
10
1904
1851
1182
1940
1899
211
346
1935
665
1519
1493
259
1649
1052
97
905
892
84
914
1828
950
483
1
1155
1600
563
1312
1553
1640
701
753
149
234
1400
186
1965
1358
1144
1610
62
1406
1764
1316
811
1622
1872
1648
1205
1289
1806
1005
1906
1574
1437
886
931
444
743
1728
157
1488
1625
196
1777
541
1843
1081
1977
1383
347
428
496
145
590
1904
1709
279
1115
1067
1365
339
1860
1838
583
669
197
671
913
992
940
1698
1499
680
852
1470
1049
926
458
1222
763
1806
662
701
399
48
763
671
1015
17
1654
917
1099
862
1701
421
1190
910
104
378
821
82
530
403
1720
676
1649
764
763
579
579
1278
661
1785
964
1800
1207
736
1475
838
1313
1589
1491
1463
836
445
1902
1431
905
252
1083
385
1374
691
89
1440
1417
293
1240
1111
1675
862
1961
958
1470
1650
1102
1322
983
339
1515
480
821
599
1311
1006
1104
1920
838
1553
1740
1536
955
394
490
861
1709
1772
970
1607
911
1839
138
1353
421
1654
1692
1231
688
1909
583
758
649
387
1574
1240
393
219
1997
1112
421
671
1025
1277
120
1240
1043
1521
173
691
368
1574
802
1088
914
356
766
1980
1815
1376
727
61
1250
1237
935
745
155
1834
1104
16
989
331
87
360
1176
1777
756
588
1044
1241
802
1566
1595
1
388
1209
803
188
1688
406
1264
406
919
197
1727
750
733
1080
427
845
1542
863
23
1388
1440
69
539
862
1272
1651
1313
768
393
1275
62
1338
1661
1406
187
1333
1891
1219
252
1977
482
855
728
1739
755
1625
1259
1804
1528
1456
369
1880
1913
595
1217
1332
14
1344
336
1817
1534
1000
1545
694
1328
1804
1772
911
7
316
1574
1
212
1592
329
1123
1739
21
1400
779
590
742
1482
1263
1017
192
1279
1930
1470
416
743
315
1136
849
678
153
396
369
382
599
210
329
1769
1658
970
729
1639
1978
1212
855
669
761
860
490
910
66
396
1361
148
1440
1478
169
797
1511
1764
1332
16
51
1353
1541
819
403
555
977
89
897
688
420
908
1303
654
1718
821
950
1668
84
1470
997
1325
814
1257
359
838
1488
1388
1831
1574
1961
270
679
496
1621
862
355
1935
1088
763
582
1455
69
688
1398
1135
1780
1044
516
1712
1545
1629
1944
803
727
1822
606
1801
1867
671
1189
240
1133
1865
814
899
795
111
1345
343
1212
1060
1686
1389
1655
1654
367
1388
1380
64
827
1517
1358
616
1670
1747
517
1841
1885
1792
1806
416
1306
733
909
1353
427
993
1906
208
14
963
1092
832
1709
1153
1229
393
1839
1967
1831
361
592
555
1431
1839
1851
1517
616
746
1912
922
1380
631
855
1676
1504
1978
733
688
997
699
83
1498
1514
1498
1114
1455
714
1250
1
631
1090
155
1383
1000
158
385
1913
446
893
165
451
1856
1236
678
1851
576
1324
1618
1254
265
694
382
1922
1438
921
189
368
1055
1877
1953
2
664
988
279
76
1793
811
1158
588
1158
983
1693
1749
1925
1410
57
260
1088
1711
708
1461
1815
216
802
776
952
1904
573
127
1523
915
246
454
477
211
1000
1196
517
1149
936
1525
1576
592
1427
1410
665
963
1851
1662
311
1655
1048
1044
1740
1564
1510
754
1326
238
1236
1967
1731
1747
1912
219
572
238
733
622
1428
980
1443
989
501
197
1494
154
1391
1044
86
1646
1088
631
120
472
457
1246
1236
1179
1772
1475
1950
1194
1218
347
997
1557
1785
1290
1711
823
1876
1510
720
1862
1250
1884
472
126
1245
1351
127
404
684
259
1823
776
228
