1999
2 1 1 1 1 1 1 1 1 1 1 1 1 1 1 1 1 1 1 1 1 1 1 1 1 1 1 1 1 1 1 1 1 1 1 1 1 1 1 1 1 1 1 1 1 1 1 1 1 1 1 1 1 1 1 1 1 1 1 1 1 1 1 1 1 1 1 1 1 1 1 1 1 1 1 1 1 1 1 1 1 1 1 1 1 1 1 1 1 1 1 1 1 1 1 1 1 1 1 1 1 1 1 1 1 1 1 1 1 1 1 1 1 1 1 1 1 1 1 1 1 1 1 1 1 1 1 1 1 1 1 1 1 1 1 1 1 1 1 1 1 1 1 1 1 1 1 1 1 1 1 1 1 1 1 1 1 1 1 1 1 1 1 1 1 1 1 1 1 1 1 1 1 1 1 1 1 1 1 1 1 1 1 1 1 1 1 1 1 1 1 1 1 1 1 1 1 1 1 1 1 1 1 1 1 1 1 1 1 1 1 1 1 1 1 1 1 1 1 1 1 1 1 1 1 1 1 1 1 1 1 1 1 1 1 1 1 1 1 1 1 1 1 1 1 1 1 1 1 1 1 1 1 1 1 1 1 1 1 1 1 1 1 1 1 1 1 1 1 1 1 1 1 1 1 1 1 1 1 1 1 1 1 1 1 1 1 1 1 1 1 1 1 1 1 1 1 1 1 1 1 1 1 1 1 1 1 1 1 1 1 1 1 1 1 1 1 1 1 1 1 1 1 1 1 1 1 1 1 1 1 1 1 1 1 1 1 1 1 1 1 1 1 1 1 1 1 1 1 1 1 1 1 1 1 1 1 1 1 1 1 1 1 1 1 1 1 1 1 1 1 1 1 1 1 1 1 1 1 1 1 1 1 1 1 1 1 1 1 1 1 1 1 1 1 1 1 1 1 1 1 1 1 1 1 1 1 1 1 1 1 1 1 1 1 1 1 1 1 1 1 1 1 1 1 1 1 1 1 1 1 1 1 1 1 1 1 1 1 1 1 1 1 1 1 1 1 1 1 1 1 1 1 1 1 1 1 1 1 1 1 1 1 1 1 1 1 1 1 1 1 1 1 1 1 1 1 1 1 1 1 1 1 1 1 1 1 1 1 1 1 1 1 1 1 1 1 1 1 1 1 1 1 1 1 1 1 1 1 1 1 1 1 1 1 1 1 1 1 1 1 1 1 1 1 1 1 1 1 1 1 1 1 1 1 1 1 1 1 1 1 1 1 1 1 1 1 1 1 1 1 1 1 1 1 1 1 1 1 1 1 1 1 1 1 1 1 1 1 1 1 1 1 1 1 1 1 1 1 1 1 1 1 1 1 1 1 1 1 1 1 1 1 1 1 1 1 1 1 1 1 1 1 1 1 1 1 1 1 1 1 1 1 1 1 1 1 1 1 1 1 1 1 1 1 1 1 1 1 1 1 1 1 1 1 1 1 1 1 1 1 1 1 1 1 1 1 1 1 1 1 1 1 1 1 1 1 1 1 1 1 1 1 1 1 1 1 1 1 1 1 1 1 1 1 1 1 1 1 1 1 1 1 1 1 1 1 1 1 1 1 1 1 1 1 1 1 1 1 1 1 1 1 1 1 1 1 1 1 1 1 1 1 1 1 1 1 1 1 1 1 1 1 1 1 1 1 1 1 1 1 1 1 1 1 1 1 1 1 1 1 1 1 1 1 1 1 1 1 1 1 1 1 1 1 1 1 1 1 1 1 1 1 1 1 1 1 1 1 1 1 1 1 1 1 1 1 1 1 1 1 1 1 1 1 1 1 1 1 1 1 1 1 1 1 1 1 1 1 1 1 1 1 1 1 1 1 1 1 1 1 1 1 1 1 1 1 1 1 1 1 1 1 1 1 1 1 1 1 1 1 1 1 1 1 1 1 1 1 1 1 1 1 1 1 1 1 1 1 1 1 1 1 1 1 1 1 1 1 1 1 1 1 1 1 1 1 1 1 1 1 1 1 1 1 1 1 1 1 1 1 1 1 1 1 1 1 1 1 1 1 1 1 1 1 1 1 1 1 1 1 1 1 1 1 1 1 1 1 1 1 1 1 1 1 1 1 1 1 1 1 1 1 1 1 1 1 1 1 1 1 1 1 1 1 1 1 1 1 1 1 1 1 1 1 1 1 1 1 1 1 1 1 1 1 1 1 1 1 1 1 1 1 1 1 1 1 1 1 1 1 1 1 1 1 1 1 1 1 1 1 1 1 1 1 1 1 1 1 1 1 1 1 1 1 1 1 1 1 1 1 1 1 1 1 1 1 1 1 1 1 1 1 1 1 1 1 1 1 1 1 1 1 1 1 1 1 1 1 1 1 1 1 1 1 1 1 1 1 1 1 1 1 1 1 1 1 1 1 1 1 1 1 1 1 1 1 1 1 1 1 1 1 1 1 1 1 1 1 1 1 1 1 1 1 1 1 1 1 1 1 1 1 1 1 1 1 1 1 1 1 1 1 1 1 1 1 1 1 1 1 1 1 1 1 1 1 1 1 1 1 1 1 1 1 1 1 1 1 1 1 1 1 1 1 1 1 1 1 1 1 1 1 1 1 1 1 1 1 1 1 1 1 1 1 1 1 1 1 1 1 1 1 1 1 1 1 1 1 1 1 1 1 1 1 1 1 1 1 1 1 1 1 1 1 1 1 1 1 1 1 1 1 1 1 1 1 1 1 1 1 1 1 1 1 1 1 1 1 1 1 1 1 1 1 1 1 1 1 1 1 1 1 1 1 1 1 1 1 1 1 1 1 1 1 1 1 1 1 1 1 1 1 1 1 1 1 1 1 1 1 1 1 1 1 1 1 1 1 1 1 1 1 1 1 1 1 1 1 1 1 1 1 1 1 1 1 1 1 1 1 1 1 1 1 1 1 1 1 1 1 1 1 1 1 1 1 1 1 1 1 1 1 1 1 1 1 1 1 1 1 1 1 1 1 1 1 1 1 1 1 1 1 1 1 1 1 1 1 1 1 1 1 1 1 1 1 1 1 1 1 1 1 1 1 1 1 1 1 1 1 1 1 1 1 1 1 1 1 1 1 1 1 1 1 1 1 1 1 1 1 1 1 1 1 1 1 1 1 1 1 1 1 1 1 1 1 1 1 1 1 1 1 1 1 1 1 1 1 1 1 1 1 1 1 1 1 1 1 1 1 1 1 1 1 1 1 1 1 1 1 1 1 1 1 1 1 1 1 1 1 1 1 1 1 1 1 1 1 1 1 1 1 1 1 1 1 1 1 1 1 1 1 1 1 1 1 1 1 1 1 1 1 1 1 1 1 1 1 1 1 1 1 1 1 1 1 1 1 1 1 1 1 1 1 1 1 1 1 1 1 1 1 1 1 1 1 1 1 1 1 1 1 1 1 1 1 1 1 1 1 1 1 1 1 1 1 1 1 1 1 1 1 1 1 1 1 1 1 1 1 1 1 1 1 1 1 1 1 1 1 1 1 1 1 1 1 1 1 1 1 1 1 1 1 1 1 1 1 1 1 1 1 1 1 1 1 1 1 1 1 1 1 1 1 1 1 1 1 1 1 1 1 1 1 1 1 1 1 1 1 1 1 1 1 1 1 1 1 1 1 1 1 1 1 1 1 1 1 1 1 1 1 1 1 1 1 1 1 1 1 1 1 1 1 1 1 1 1 1 1 1 1 1 1 1 1 1 1 1 1 1 1 1 1 1 1 1 1 1 1 1 1 1 1 1 1 1 1 1 1 1 1 1 1 1 1 1 1 1 1 1 1 1 1 1 1 1 1 1 1 1 1 1 1 1 1 1 1 1 1 1 1 1 1 1 1 1 1 1 1 1 1 1 1 1 1 1 1 1 1 1 1 1 1 1 1 1 1 1 1 1 1 1 1 1 1 1 1 1 1 1 1 1 1 1 1 1 1 1 1 1 1 1 1 1 1 1 1 1 1 1 1 1 1 1 1 1 1 1 1 1 1 1 1 1 1 1 1 1 1 1 1 1 1 1 1 1 1 1 1 1 1 1 1 1 1 1 1 1 1 1 1 1 1 1 1 1 1 1 1 1 1 1 1 1 1 1 1 1 1 1 1 1 1 1 1 1 1 1 1 1 1 1 1 1 1 1 1 1 1 1 1 1 1 1 1 1 1 1 1 1 1 1 1 1 1 1 1 1 1 1 1 1 1 1 1 1 1 1 1 1 1 1 1 1 1 1 1 1 1 1 1 1 1 1 1 1 1 1 1 1 1 1 1 1 1 1 1 1 1 1 1 1 1 1 1 1 1 1 1 1 1 1 1 1 1 1 1 1 1 1 1 1 1 1 1 1 1 1 1 1 1 1 1 1 1 1 1 1 1 1 1 1 1 1 1 1 1 1 1 1 1 1 1 1 1 1 1 1 1 1 1 1 1 1 1 1 1 1 1 1 1 1 1 1 1 1 1 1 1 1 1 1 1 1 1 1 1 1 1 1 1 1 1 1 1 1 1 1 1 1 1 1 1 1 1 1 1 1 1 1 1 1 1 1 1 1 1
1623
1
1
1
1908
792
1626
120
1
1
602
591
1
1203
898
1355
1
764
1
1
1
1128
1281
1278
1900
1
1685
157
930
1
1788
1815
1764
1080
1
648
1
1
1
1893
1953
1600
1
1
457
1
1
1
1354
1
968
1
1476
36
1413
1
509
1
1
1
1
1
1
1
1
1
617
1
975
1902
1
1
1
1
1
1
1672
1
1
1
69
1488
510
1609
1
1
1
1
1
1655
155
1
1
348
1221
1882
878
1
1
1
1
1
1
1
423
1
79
1
188
1851
1
405
1
1
769
1687
90
1
1
1
1
443
1
1
1
1
1
1
1
1
1
1
1
1
1896
517
1
1
178
1272
1
1459
1192
1968
1
59
1
1
1
1
31
1740
1
1
607
1
1962
1426
1
263
839
821
1
925
1
1
525
1
1826
94
1
396
1632
1
1
1
1
128
1
1
1064
1
1
736
1722
1
1
1
1085
903
1564
1705
1
934
1737
1
1875
44
379
284
1045
1
53
1453
1
89
1
197
1
1949
1288
1
1
1
1
711
1
1
1
1
928
1339
1
380
1
1
1
1676
1
1
1
900
1624
1
1599
365
1
1925
1
1
1
1
1
1165
1991
545
1
1561
1
1842
887
841
1
1
1
1809
1333
942
1349
567
1
1
578
1
470
476
412
1
469
1
1565
1153
416
27
1
315
1
18
1
1
203
1
1
77
1870
271
807
1
555
1
1498
1
1158
289
1604
803
1
1543
67
1
1
318
1
1998
1
1
678
1
480
1
1874
746
210
1
307
64
1
675
481
1
615
1746
1022
1
1934
1
1
1
1071
1
119
1
66
1
10
1
154
1
213
1
1070
1892
302
1
74
1521
1
819
1
1
1
1
960
1
1884
1
1262
912
1347
1856
1187
1
1002
1
1
1
1
706
1259
1
1
888
1382
219
1921
1
846
1
1
1207
1
1463
1
1
428
1
1
1
1
1
1774
1844
1
1971
1
1
1010
139
864
1756
1
1174
1
1
828
638
1
1287
1569
1172
1
1
449
329
1
112
740
1
1
1
1
1
728
1
1
1940
1
1177
867
1464
1
1
724
1
1
1
1116
1217
1324
541
281
1
1
935
1686
961
240
1
1
1
76
1294
301
293
1
1
1
1
1970
1
1
187
1
1570
1
1
1
1
1
1
1
1
1
1817
1
467
1
1441
1
1
22
1
527
1
485
979
1
1
1
1
1
1391
1876
1195
1861
1
1164
1
865
1
1
1519
1098
1
1
1682
1
1
1
812
1511
1
1
1
1
1
1
39
65
1625
1
1
1497
1
1
1
181
1
1
671
459
1
723
773
408
1
1469
1
1
1
1
505
672
1
4
1715
1890
1052
1
1218
73
1
1
1
1
1
1644
1
462
1
892
1542
1050
1972
1752
1
1021
421
1125
1638
464
224
1
150
1109
175
1
1169
1
1938
1
472
1
1
1
1
451
1
1
1
1
508
1472
693
1
1
384
1451
1
1
1
351
663
1588
1
1
1399
371
1923
1345
1435
1981
1
1
1303
1
1
1
1
1
1
1
1095
1
597
1
1
761
1
1299
1984
20
674
1
1
238
1
255
1092
1
1771
1747
1
166
644
1
1
1702
1
513
367
1216
87
891
1
1
1
1
1233
250
1082
1
1
1
1285
1
1554
1
1
1
1
1295
1
1
169
1370
1
523
1
382
1
1078
1709
985
1770
1
1544
1
1387
1
1311
1
1
650
1955
1489
368
1
621
1
1
122
1
100
1
1547
1
1
366
1
345
262
1
437
1041
180
1
1
586
1338
1751
1
1
132
1947
1
1
559
718
1
1020
1576
1
1862
1
941
996
1917
1
1
991
385
1
1
1
1721
1
1
1006
1
1
1
1714
1585
422
1
471
1
554
1
1
658
1
1
786
1061
1
1
1
665
1
1
1749
1443
1144
1886
1
1
790
1188
1
121
1058
1
1
853
304
1
1
491
1
920
1
1
1
1
1094
1160
1
436
387
1
1
1575
1494
1
1
1
1910
1840
1
1
981
1
208
280
1
1
1404
1
971
1
1515
557
727
298
1
1
779
1
1
1899
1428
1
682
102
1204
1
1072
1
1581
1549
1
1470
1
1
1
1
61
1
1
1
1167
241
873
669
3
1440
1878
1
1
1412
1
1
1909
1
889
1
1548
11
1731
1
1
1
432
1
1
1
1383
1439
1130
206
1406
1335
1
1
1
1
1
1
1
1
325
627
731
1919
1
1619
1
1251
1
1
1
1
1
333
1
1390
1615
1779
1
1
1
1
1384
226
1657
516
1
1
426
1
1282
1
1730
600
1
1
1
1556
104
456
1
1
1352
1729
243
227
1795
1
1
1
1520
1
1400
582
138
1816
1182
1745
1418
1
1
1201
1
1
829
1357
1
1
657
124
194
1975
1803
1859
1
1990
869
1
1
114
1271
1
905
1
483
1
1
1
1
1
1960
1
47
214
105
1577
1
1
1415
1
862
1879
1
1054
244
1
1
1
1
1
1101
1
1
148
589
1
1
502
983
714
1807
1236
847
954
1293
956
1
1
1
391
1506
1
1
1
1
75
614
1891
62
514
1
542
129
1825
1025
957
1
1
1
1181
744
1
125
269
1237
687
1
1
1
1151
1
135
40
809
1
1223
372
1
1484
1247
1
468
1
1
778
357
1
1
1
1
1449
1417
390
1
1
623
1
618
1
1671
1937
1
1
1117
86
501
1
164
1
172
1
1
1
1290
1
63
1725
1
1
1462
1773
574
580
1026
1
1
1
1
1197
1
1904
893
1
1
540
1244
425
1
1
1796
1781
1
1
48
1
1516
1
1122
1
1
1618
1189
184
1
851
1
1
906
1
1
1
1444
1
1
1
1
1421
1
1823
1
875
1133
1
492
1
57
1
584
1784
753
1
1
1594
1
1000
1
1666
1051
1
377
1
1
1
1
1630
1
1
1
1
619
1067
533
1202
1
1
1
1
1330
1
945
526
1
1858
1
216
702
1531
1
1
1
1
921
1941
1
656
278
1881
1430
1
142
1
752
1
1
1
1
1
1
1
1
832
789
231
1798
1802
1
88
1605
1263
1
1
1
1
1
765
1
1
230
1533
1
1
21
1220
1
218
1457
1616
1
748
1
929
1
1
1380
1140
1
1434
81
1
1
1361
215
537
719
794
339
458
1
1
103
101
254
1305
849
1
328
488
1
1
1351
768
1
1901
1
1
1
1
1239
1126
1
1
1
131
1927
473
1
1989
1
419
1
1073
1
1468
93
1
877
1528
1
489
309
709
886
1922
1913
1518
1
45
1
235
497
1
1783
701
1
176
1
1
1748
1522
1
667
1
1
1180
1
1
1229
1905
1
1375
1503
1
1175
1
337
1
800
1
1
1
1
1
1607
1
1918
1997
848
1
1487
913
1
522
1
1
1573
1
1
708
1364
1
394
1
1643
953
1
1
1
133
1
1
1
659
1495
1
1
60
1
1
1
813
550
1
529
1
1
1
1
1147
622
1
1
1
1
680
972
1
1369
99
1
1
999
1
1559
1
1
1568
444
1
1
177
1327
795
1
1
1
1379
1
1
1761
1
1
1
1653
327
321
1
1
1
1319
1
1
515
587
694
1392
1
1
1
276
1
861
72
874
1
1706
1
1
852
1
1
1
1256
474
1086
1
1
1
1
1
49
1
980
1
1
518
1694
1
1395
189
1034
1
256
1
1
1
1
1
1530
772
1
1
1
388
1
1
1388
1108
1539
1301
1
1719
1
1
134
641
1028
1353
1
1
993
490
1
1
1
1
1
1
1
1
355
1956
1670
1
1911
1
977
1
1
1636
1
1367
1703
759
461
689
1
539
1460
1
1
1
221
232
1
1
1
1176
1132
1240
1243
1
1985
1
635
499
1
1
1
404
1951
1
1
1190
1450
1
1
1
1935
1102
1
1912
1
1
1
1398
1635
556
1
601
749
1726
1
835
751
1
1342
808
1
1690
1042
1
1255
943
592
1681
1
1
506
1658
1674
1
1
804
1
664
1
1
1903
1810
146
1966
1
1
785
1
1
1790
625
5
1
1
1
1
183
1403
1027
1
1219
1
14
782
1
1
1005
1
80
1480
1
1
1
1
890
1090
1
636
1405
413
1
1999
1
466
1
420
1
1
1096
228
1733
1799
1767
1212
606
1
1651
1591
628
1
1
1
1854
1
1894
1
1
1732
1
762
1
1
1235
1148
1
1
1
1
1222
1
1845
1
1679
1
1
1121
1880
1
1
734
745
1
1
585
1
1
1
363
1
1897
126
1427
1
1
1
160
1474
1713
1
1
1
1
1143
1995
1
1
1366
1813
1
1
1
1
1
248
1
350
1
1828
1782
1
1471
1
590
1149
1
1
1
1
1
1610
1
1
1647
1378
1699
1
704
691
1
1077
1
902
1179
1
1
1040
1
109
1707
1
1
1409
1
1
1329
331
1431
823
1
818
1
1
1
1
1
1560
1688
1
1001
1
1641
1916
353
1142
1
1
1759
1
1
990
1958
1
1
283
1321
341
1
1952
1
1
1066
1
1
1234
1
1
1
797
151
1397
1308
530
1
1477
1
1
904
1
844
149
757
1948
630
311
1156
242
167
1943
1692
1
220
1
561
1
1
1512
1113
647
620
265
1
478
433
1
1422
1
1642
1
1
1735
1
1
908
1720
1111
1
402
1695
1433
1
1214
1139
1137
1
1
1
1289
1
1
1
1
1
796
1
115
1
670
1253
915
1
1
1
1
1
1003
1
1
107
1
1
1
1
1
1
1
1866
770
1
1
1
1
1
1
352
741
1
1
1
1
1505
1
1
1
1677
1
450
1
1336
879
1698
38
1490
127
1
1
335
1
1
306
1
1
1
1
923
130
596
1
1
1
553
1
1
1
1373
1
1
1486
1
831
1
1
1
435
699
291
1
51
1
1785
1
1
1
914
1526
1
1961
1517
1812
1765
1146
1
1742
389
1
1
1493
1009
397
1
1
1
815
982
1942
1
1110
1
1
1
