2000
2 1 2 1 1 2 1 1 1 1 2 2 2 2 2 2 1 2 1 2 2 1 2 2 1 1 1 1 2 2 1 2 1 1 1 2 1 2 1 2 1 1 1 2 2 2 2 2 1 1 2 1 2 2 2 2 2 1 1 2 2 1 2 1 1 2 2 1 2 1 2 1 1 2 2 2 1 1 2 1 2 1 2 2 2 2 1 2 2 1 2 2 2 2 1 2 1 2 2 2 2 2 2 1 1 1 2 2 2 1 2 1 2 2 1 2 1 1 2 2 2 2 1 1 2 1 1 1 1 1 1 1 2 2 2 2 1 2 2 1 1 1 2 2 2 2 1 2 2 1 1 1 1 1 1 1 1 1 1 2 2 1 2 2 2 1 1 1 1 1 1 1 2 2 2 2 2 1 2 2 1 1 2 1 1 1 2 2 1 1 1 1 2 1 2 1 1 1 2 2 1 2 1 1 1 2 1 1 2 1 2 2 1 2 2 2 2 1 2 2 2 2 2 2 2 1 2 1 1 1 1 1 1 1 1 1 2 1 2 1 1 1 2 1 2 2 2 1 2 2 2 1 1 1 2 1 2 1 2 2 1 2 1 2 2 1 2 1 1 2 1 1 2 1 1 2 2 1 2 1 1 1 1 2 2 1 1 2 2 1 2 2 1 2 1 1 1 2 2 2 1 1 1 1 2 1 1 2 2 1 2 2 1 2 2 2 1 2 1 1 1 1 2 2 1 1 2 1 2 2 2 2 2 2 2 2 1 1 2 1 1 2 1 1 2 2 2 1 1 2 2 1 2 2 2 1 1 2 1 1 1 2 2 2 2 1 2 2 2 2 1 2 1 2 2 2 1 2 2 1 2 1 1 2 2 2 1 1 2 2 2 2 2 1 2 1 1 2 1 1 1 2 1 1 1 1 2 2 1 1 2 1 2 2 2 1 1 2 1 1 2 2 1 1 2 1 1 1 2 1 1 1 2 1 2 1 2 2 1 1 1 2 2 1 2 1 2 1 2 2 1 2 1 2 2 1 1 2 2 2 2 2 1 2 1 2 1 2 1 2 2 1 1 1 2 1 1 1 1 1 2 2 1 1 2 2 1 1 1 2 1 2 1 1 2 2 1 1 2 1 2 1 1 1 2 2 2 2 2 1 2 2 2 2 2 1 1 1 1 1 1 2 1 1 1 2 1 2 2 2 1 2 1 1 1 2 2 1 2 2 2 1 1 1 2 2 2 2 2 2 1 2 2 1 1 2 1 2 1 1 2 1 1 2 1 2 1 1 2 1 1 2 1 2 2 2 2 1 2 1 2 1 2 1 2 1 1 1 1 1 1 2 2 2 1 1 2 2 2 1 2 1 2 1 1 2 2 1 1 2 1 2 2 2 1 1 2 1 2 1 2 2 1 1 1 2 2 2 2 1 1 2 1 2 1 1 1 1 1 2 2 2 2 2 2 1 1 2 1 1 1 2 1 1 1 1 2 1 2 2 1 2 1 2 1 2 1 1 2 2 2 2 1 2 1 2 1 1 1 1 2 2 2 2 2 2 2 2 1 1 2 1 2 2 1 2 2 2 2 1 2 1 2 2 1 1 2 2 2 1 1 2 1 2 1 2 2 1 1 2 2 1 2 1 1 1 1 2 2 1 1 1 2 2 1 2 1 1 1 2 2 1 1 1 1 2 2 1 1 2 2 2 2 1 2 1 1 1 2 2 1 2 2 1 2 1 1 1 1 2 2 1 2 2 1 2 1 2 1 2 2 2 1 2 2 1 2 2 1 1 2 2 2 1 1 1 1 2 2 2 2 2 1 1 2 2 2 2 2 2 2 1 1 2 1 2 2 1 1 1 1 1 1 2 2 2 1 1 2 2 2 1 1 2 2 2 2 1 1 2 1 2 1 1 1 2 1 2 1 1 1 2 2 2 2 1 2 1 1 1 2 1 2 2 2 2 2 1 2 1 1 2 2 1 1 1 2 1 1 1 1 1 1 2 1 1 1 2 1 1 1 1 1 2 2 2 1 1 1 1 1 2 2 1 2 1 1 1 2 2 1 2 1 1 1 1 1 2 2 2 1 1 2 2 1 1 2 1 1 1 1 2 2 2 1 2 2 2 2 1 1 2 1 2 2 2 2 2 1 2 2 1 2 1 1 1 1 2 2 1 1 1 2 1 1 2 1 2 2 1 1 2 2 1 1 2 1 2 1 1 1 1 1 2 2 1 2 1 2 1 2 1 2 1 2 2 1 1 1 1 2 1 2 2 2 1 2 2 2 1 2 2 1 2 2 2 1 1 2 1 2 1 2 2 2 2 1 1 2 2 1 1 2 1 2 1 2 2 2 2 2 1 2 2 2 1 2 2 2 1 1 2 1 1 1 2 2 2 2 1 2 1 2 1 1 1 2 1 2 2 1 1 1 2 2 2 2 1 1 1 2 1 1 1 1 2 1 1 2 2 1 2 2 2 2 2 2 1 1 1 2 2 2 2 1 2 2 1 1 2 1 1 1 2 1 2 2 1 2 1 2 1 2 2 1 1 1 1 1 2 1 2 2 1 1 1 1 1 2 2 2 1 1 2 1 1 2 2 2 2 1 1 2 1 2 1 1 1 1 2 2 2 1 1 2 1 2 1 2 1 2 2 2 2 1 2 2 2 2 2 1 1 2 2 1 1 1 1 1 2 2 2 1 1 1 2 1 1 1 1 1 1 1 1 2 1 2 1 1 1 2 2 1 1 1 1 1 2 2 1 1 1 1 1 1 1 1 1 1 2 1 2 1 1 1 1 2 1 1 2 2 2 2 1 2 1 2 1 1 1 1 1 2 1 2 2 1 1 2 2 1 1 2 1 1 2 1 2 2 2 2 1 1 1 1 1 1 2 1 1 1 1 1 1 1 1 1 2 1 1 1 2 2 2 2 1 2 1 1 1 1 1 2 1 1 1 2 1 1 1 1 1 2 2 1 1 1 1 1 2 2 1 2 1 2 1 2 1 2 1 1 2 1 2 2 1 2 1 1 2 1 2 1 1 2 1 2 2 2 2 2 1 1 1 1 2 2 2 2 2 2 1 2 2 2 2 2 1 1 1 1 1 1 1 1 2 2 1 1 2 2 1 2 1 1 2 1 1 1 2 2 2 1 2 1 2 1 1 2 2 2 1 1 1 1 1 1 1 1 2 2 1 2 2 1 1 1 1 2 2 2 2 2 1 1 2 2 2 2 1 1 1 2 1 2 2 2 2 2 1 1 2 2 2 1 2 2 2 2 2 2 2 1 2 2 1 1 2 2 1 2 1 1 1 2 1 1 1 1 1 1 1 1 1 1 1 1 2 2 2 1 2 1 1 1 1 2 2 1 1 2 2 1 1 2 2 1 2 2 2 1 2 2 2 1 1 2 2 1 1 1 1 2 2 2 2 1 2 2 2 1 2 1 1 2 1 2 1 1 1 1 1 1 2 1 1 1 1 1 1 2 2 2 1 1 2 1 1 2 2 2 2 1 2 2 2 1 2 2 2 1 1 2 2 1 1 1 1 1 2 2 1 2 2 2 1 1 2 2 1 2 2 1 1 2 1 1 1 2 2 2 1 2 2 2 2 2 1 2 1 1 2 1 2 2 2 2 2 1 1 2 1 1 2 1 2 2 1 2 1 1 2 2 2 1 2 1 2 2 1 2 2 2 1 1 2 1 1 2 1 1 1 1 2 1 2 1 1 2 1 1 2 1 1 2 1 2 1 2 1 1 1 1 2 2 1 1 2 1 1 1 2 2 2 2 1 2 1 1 2 2 2 2 1 1 1 2 2 2 1 1 1 1 1 2 2 1 2 2 1 2 2 1 2 2 1 2 1 2 1 2 1 2 1 1 2 2 2 1 2 2 1 2 1 2 1 1 2 2 2 1 2 2 2 1 2 2 2 2 2 1 1 2 2 1 2 1 1 1 2 1 1 2 1 2 1 2 2 1 2 2 2 2 2 2 2 1 1 1 2 1 2 2 1 1 2 2 2 2 2 1 2 1 1 2 1 2 2 2 2 1 2 2 2 1 2 2 2 2 1 2 1 2 1 2 1 2 1 2 1 1 1 1 2 2 2 2 2 2 1 2 1 1 1 1 1 2 1 2 2 1 2 2 2 1 1 1 1 2 1 2 1 2 2 2 2 2 2 1 1 2 2 2 2 1 1 1 1 2 1 2 2 2 2 1 1 1 2 2 1 2 2 1 2 2 1 2 1 1 1 2 2 2 2 2 1 1 1 2 1 2 2 2 2 2 2 1 1 1 1 2 2 1 1 1 2 1 2 2 1 2 1 2 1 2 2 2 2 1 2 2 2 1 1 1 2 1 2 1 2 2 1 1 1 2 1 1 1 1 2 2 2 1 2 1 2 2 2 1 2 2 1 1 2 1 1 2 1 2 2 2 2 1 2 1 1 1 2 2 1 2 1 2 1 1 2 1 1 1 2 1 1 1 2 1 2 2 2 2 1 1 2 2 2 2 1 2 2 1 2
1744
784
1633
2000
807
1347
1853
1025
672
94
723
579
973
1266
1636
866
1597
863
1015
29
1525
1133
1191
505
93
579
1014
1323
666
206
1766
641
395
968
1421
121
98
113
996
1891
824
220
345
1732
1546
288
333
1683
57
966
422
1192
1993
1725
433
1699
176
1746
672
1556
1321
30
1846
452
506
1380
1801
1818
561
621
676
1725
200
1001
1755
460
1674
470
1420
1770
363
316
1773
872
989
1604
163
311
693
1349
927
564
292
1057
1776
1941
729
370
1901
1674
1655
1682
1502
1994
1755
120
912
1522
606
459
746
1294
950
572
792
1611
1668
947
385
782
206
1149
379
481
1961
24
1207
74
327
177
1376
945
865
389
1573
683
800
362
1174
550
1864
1659
1171
1782
826
1931
1819
1844
857
1479
770
329
918
873
102
681
1488
842
1153
686
75
1447
1827
1689
1454
1582
1906
704
133
1716
1527
1744
799
1169
83
778
513
1935
1008
793
212
1717
1851
1960
1266
1043
1681
407
1631
972
1414
514
1699
246
331
1614
1579
413
418
136
1591
1976
1451
1682
1964
148
1294
831
714
1644
1401
462
619
530
1237
1948
1790
968
575
367
1581
379
773
1243
1696
1680
1335
774
144
71
1021
1401
1646
539
1095
972
747
45
1673
576
299
1917
1743
751
746
1695
1882
606
1184
1437
645
149
993
1423
1765
1833
1444
1178
1606
398
643
622
54
1721
996
561
1003
1874
1578
237
1753
1504
721
1094
938
1764
1478
835
1356
780
894
1578
1816
939
247
1677
1730
1834
1869
1787
211
1833
597
1350
529
684
614
1496
11
1652
492
1702
180
66
708
1019
1519
1883
959
1950
1038
919
1269
1847
902
390
1263
470
826
781
1491
1400
740
257
1307
1392
936
1144
1232
1075
791
919
1039
693
593
145
1132
599
92
1701
499
385
318
1139
119
1962
332
183
335
1552
660
770
836
239
1320
425
1796
1659
905
1205
411
1439
697
1442
556
55
1704
259
351
312
781
867
339
1969
1739
1872
1093
1677
515
1503
1348
1915
51
1508
1525
946
461
1040
148
61
837
161
752
276
18
593
963
920
84
852
776
365
1803
799
314
759
1944
499
289
1957
755
1367
76
262
1973
762
1931
1550
825
165
23
691
1359
1941
375
854
1329
1922
475
1218
471
1709
627
1492
323
627
435
1762
1219
939
864
86
1780
1622
308
501
1293
1851
1245
1704
1657
1954
136
1711
1427
292
644
1590
1033
1593
1240
45
857
199
1011
1155
1738
896
1069
576
1807
1147
1957
1347
670
1500
1396
1797
1717
1396
632
1718
1380
1560
1095
753
1980
101
1196
1480
69
1935
1695
270
36
1212
408
721
1160
24
1365
958
1818
138
1777
1733
67
548
496
1443
1589
1337
712
1841
942
1738
1737
1161
1787
411
1872
1971
1894
1345
285
216
1348
251
495
76
391
1606
1834
1030
507
699
336
816
298
1058
279
288
835
398
1499
291
696
334
1357
445
309
896
1001
273
1998
1394
508
1153
54
245
435
370
634
729
450
1004
1101
44
1740
688
657
85
1846
146
81
848
1948
1829
418
995
187
1664
1665
1340
300
1916
1622
384
877
1593
867
741
247
1171
1044
496
894
537
628
854
66
701
1987
1728
714
888
215
707
547
948
1478
1579
1716
597
277
1757
1632
332
613
1321
1155
60
1498
1139
1596
1563
1902
840
1942
978
458
1772
1121
442
260
455
792
1518
1554
53
569
1894
607
1736
1045
1035
74
528
421
1016
365
1232
447
1093
1465
707
1410
1205
1335
1097
1325
1799
1743
1278
613
686
86
1025
220
1288
1086
666
1104
1573
1174
506
1140
1056
532
342
842
933
1172
780
1023
1207
685
720
716
312
1723
368
1177
459
1219
1123
273
1988
193
1696
1672
1161
482
1292
1946
825
798
1293
864
1959
447
1237
1479
1920
755
993
1230
1450
539
545
81
787
1435
1515
1439
659
460
1797
1029
1893
687
1803
936
1821
443
13
1789
1513
1549
1785
809
837
1061
443
946
536
945
1009
1720
21
1893
183
888
145
564
662
840
47
84
1390
1242
462
1993
513
175
1859
1541
1077
1190
1702
836
1365
13
736
683
903
1607
1564
1107
1909
1500
1176
1381
1639
1554
103
1673
1681
853
1913
1862
1688
372
1012
872
14
1037
415
824
16
92
239
1183
1450
1973
920
1987
1861
809
1487
1184
1962
691
36
48
1765
11
1024
734
1917
1436
1534
987
1740
855
1884
1422
1874
414
659
393
869
1411
681
1435
134
83
1984
2000
1556
1986
784
99
6
1960
1964
438
1763
933
1574
101
760
765
212
174
1869
139
1788
640
1718
346
1116
1399
1165
923
1848
1259
1515
951
910
1360
1994
685
932
648
774
1827
1854
1438
1288
1918
433
1271
617
1986
1332
1832
765
116
1327
1940
1739
1179
1570
217
621
514
776
146
138
1551
583
61
1433
751
1522
1117
1502
863
782
1788
1707
330
694
1687
1792
1830
257
300
575
507
449
932
164
1608
12
558
585
48
1816
1383
1329
429
830
909
174
1427
687
1048
1377
299
1558
1518
346
363
464
354
67
642
1705
481
1119
709
46
937
495
180
505
56
1325
771
1920
1848
1770
671
811
133
56
53
1552
221
1809
802
1011
1889
1921
20
1447
1067
1383
581
976
1420
664
1881
1687
1543
173
808
976
1902
102
44
454
1780
1911
1303
1705
717
1892
626
1541
1162
1260
1785
1633
1854
1429
1968
461
113
1657
1390
934
829
1895
1551
1044
788
1019
1069
15
984
374
585
1571
1626
1995
264
1896
682
199
1381
1110
969
674
552
1212
1864
1550
1426
60
1048
1863
526
558
771
622
598
1271
1149
89
1555
1852
788
752
1698
515
1758
125
243
546
1104
221
632
1595
664
959
114
1090
1007
1165
1458
149
1183
1063
1776
1270
251
452
669
355
1366
1268
1024
1680
1367
1668
951
1815
1918
1997
1363
384
284
1414
1411
773
1499
1728
437
32
1422
1437
1295
1090
1809
1038
93
1058
1560
801
581
607
395
1564
763
1096
12
1480
1624
1992
1376
1033
1148
1875
69
165
175
1599
1356
1599
30
195
96
740
179
277
610
709
1922
259
294
209
1351
1351
1665
592
1801
1386
1059
1624
1519
747
334
634
454
1760
869
814
425
1419
1764
219
831
1452
642
834
160
109
1947
1230
556
1689
733
1364
924
279
1449
415
458
1672
953
51
1581
311
1392
1049
1021
1114
944
202
509
163
1815
1639
1909
1570
699
553
848
490
1761
526
800
1314
1508
351
594
1391
471
1005
1400
1240
291
1360
753
1130
108
324
1591
1989
1871
1124
1861
1455
1520
805
1256
1868
1859
1015
1951
1391
549
1102
1089
1340
1790
550
830
1498
674
1574
1928
485
227
1814
347
367
984
884
1037
369
46
1628
1342
1327
877
134
392
1778
79
1448
801
354
1211
408
1789
378
511
530
414
1243
1995
305
202
1514
536
1123
1121
1862
1636
1711
1605
541
260
601
219
1655
1926
358
1976
1794
760
1628
1263
1363
1841
798
1997
1619
353
973
1594
318
1798
750
333
1585
1507
376
107
339
545
1076
712
791
250
1558
255
866
1819
532
1885
1303
1778
96
1107
1732
1843
599
1559
468
1253
1906
1429
1709
267
345
1167
985
1167
1839
1492
330
390
100
1631
1070
1623
1459
1629
438
144
1779
603
164
308
3
1256
327
1061
540
1132
79
270
1698
698
1595
1877
466
1043
1779
1320
1527
629
1070
372
1542
29
1758
225
1150
1602
807
1487
1413
1896
1160
1067
298
1891
1269
225
94
657
669
1268
1605
125
173
223
20
733
1337
1734
1590
195
122
944
1147
1448
264
1180
1733
1913
139
1798
305
1940
475
1191
512
1520
40
572
553
1074
1998
15
1049
1805
38
1821
176
1799
71
1597
309
1632
1793
1713
806
1623
612
222
355
1762
1750
1377
619
209
1030
1619
522
1035
1915
122
1426
834
91
574
1016
947
267
402
1563
1766
1008
1602
120
88
1969
265
855
1003
63
179
1446
873
1172
369
217
413
793
1081
1260
335
1877
846
1617
100
734
1626
1542
626
350
1488
1721
492
1921
1446
1313
924
1101
717
1992
1423
1504
1596
331
1875
805
75
987
942
1076
1342
1133
1507
1649
437
509
135
353
1947
450
200
1449
245
1730
490
429
1314
262
1616
391
778
6
969
1951
829
107
193
612
1026
289
1723
918
227
103
1366
187
853
1162
1882
1014
14
342
963
1683
1534
211
1883
276
1081
63
1881
628
817
852
315
1410
1040
1179
1218
1930
1442
1359
1047
759
1452
445
38
614
1607
1946
1089
1772
603
1845
1444
249
1278
177
464
549
927
161
188
1052
958
736
1241
336
1652
386
188
160
1349
701
1482
966
522
116
449
1585
814
1119
89
1255
694
865
1103
485
135
1361
1729
1436
574
512
376
552
1057
285
1245
57
1750
1664
358
294
111
953
329
1773
114
1419
1144
1796
688
284
1829
1646
40
108
1589
1513
224
1988
1458
697
645
121
1242
98
1428
109
728
1720
1009
785
1094
903
1241
1150
374
315
347
323
1805
1729
368
468
1950
407
594
1911
1863
1832
21
389
1096
1629
1885
1141
1413
728
222
1814
1350
1399
528
1106
378
1180
643
1968
816
1571
1575
1148
47
1092
1928
937
1868
1546
1616
422
1675
985
1516
1737
1930
508
455
1984
1761
1247
617
1041
1026
923
1608
629
324
1853
1455
1023
1757
708
1451
316
1707
909
143
1103
1313
1295
1713
577
1736
314
546
1005
1345
1688
214
442
1045
1792
1
1247
375
995
1177
723
381
1116
1253
1594
486
1495
1871
716
648
1649
1173
362
243
902
482
1895
861
237
486
662
1059
1926
1884
265
393
1106
224
1307
817
682
1358
684
1364
566
1461
670
1039
1516
1173
910
696
16
1063
350
1074
1297
466
954
1461
1961
246
1056
364
1777
1559
1323
1428
1077
381
541
1852
989
806
223
641
991
3
1845
644
750
912
1004
652
1734
698
1916
978
1604
99
592
32
1259
1959
1807
811
938
1830
111
1644
1358
249
660
652
763
1514
1944
1889
1102
386
1140
1892
1459
1614
1075
1334
1052
1549
1292
1190
1908
1086
703
676
948
1942
1012
1782
846
703
1753
741
364
991
1582
1908
704
1971
1130
785
895
569
1454
1763
1901
1041
1334
1701
501
895
640
950
1332
1843
85
1421
1611
1176
1760
762
1211
1394
1465
1092
1297
1443
1433
215
1839
1124
540
802
1495
214
1793
1496
88
566
1178
547
1361
1270
18
421
1196
905
1844
143
810
1746
23
601
720
1847
787
255
1357
548
1675
1047
598
402
1555
1954
577
1617
610
671
1110
1575
1438
1794
91
119
529
250
1255
1007
1503
55
934
1117
1169
1482
884
1029
1114
861
511
1097
1980
537
1192
216
1989
808
1543
810
392
1491
583
1386
