2000
1 2 2 2 2 2 2 2 2 2 2 2 2 2 2 2 2 2 1 2 2 2 2 2 2 2 2 2 1 2 2 1 2 2 2 1 2 2 2 2 2 2 2 2 2 2 2 2 2 2 2 2 2 2 2 2 1 2 2 1 2 2 2 2 2 2 2 2 2 2 2 2 1 2 2 2 2 2 2 2 1 2 1 2 2 2 2 2 2 2 2 2 2 1 2 2 2 2 2 2 2 2 1 1 2 2 2 1 2 2 2 2 1 2 2 1 2 2 2 2 2 2 2 2 2 2 2 2 1 2 2 2 2 2 2 2 2 2 2 2 2 2 2 2 2 2 2 2 2 2 2 1 1 1 2 2 2 2 2 2 2 2 2 2 2 2 2 1 2 2 2 2 2 2 2 1 2 2 1 2 2 2 2 2 2 2 2 2 2 2 2 1 2 1 2 2 2 2 2 2 2 2 2 2 1 2 2 1 2 2 2 1 2 2 2 2 2 2 2 2 2 2 2 2 2 1 2 2 2 2 2 2 2 2 2 2 2 2 2 2 1 2 2 2 2 2 2 2 2 2 2 2 2 2 2 2 1 1 2 2 1 2 2 2 1 2 2 2 2 2 2 2 2 2 1 2 2 2 2 2 2 1 2 1 2 2 2 2 2 2 2 2 2 2 2 2 2 2 2 2 2 1 2 2 2 1 2 2 2 2 2 2 2 2 2 1 2 2 1 2 2 2 2 2 1 2 2 2 2 2 2 2 1 2 2 1 2 2 2 2 1 2 1 2 1 1 2 2 2 2 2 1 2 2 2 2 2 2 1 2 2 2 2 2 2 2 2 2 2 2 2 2 2 2 1 2 1 2 2 2 2 2 2 2 2 2 1 1 2 2 2 2 2 2 1 2 2 2 2 2 2 2 2 1 2 1 2 2 2 2 2 2 2 2 2 2 2 2 2 2 2 1 2 2 2 2 1 2 2 2 1 2 2 2 2 1 2 2 2 1 2 2 2 2 2 2 1 2 2 2 2 1 2 2 2 2 2 2 2 2 2 2 2 1 2 2 2 2 1 2 2 2 2 2 2 2 2 2 2 2 2 1 1 2 2 2 2 2 2 2 2 2 2 1 2 2 2 1 2 2 1 2 1 2 2 2 2 2 2 2 2 2 2 2 2 2 2 2 1 2 2 2 2 2 2 2 2 2 2 1 2 2 2 1 2 2 2 2 2 2 2 2 1 1 2 1 2 2 2 2 1 2 2 2 2 1 1 2 2 2 2 2 1 2 2 2 2 2 2 2 2 2 2 2 2 1 1 2 2 1 1 2 2 1 2 2 2 2 2 2 2 1 2 2 2 2 2 2 2 2 2 2 2 2 2 2 1 2 1 2 1 2 2 1 2 2 2 2 2 2 2 1 2 1 2 2 2 2 1 2 2 2 2 2 2 2 2 1 2 2 1 2 2 2 2 2 2 2 2 2 1 2 2 2 2 2 2 2 2 2 2 2 2 1 2 2 1 2 2 2 2 1 2 2 2 2 2 2 2 2 2 2 2 2 1 1 2 2 1 2 1 2 2 2 2 2 2 2 2 1 2 2 2 2 2 2 2 2 2 1 2 2 2 2 2 2 2 2 2 2 2 2 2 2 2 2 2 2 2 2 2 2 2 2 2 2 2 2 2 2 1 2 2 2 1 1 2 2 2 1 2 2 2 2 2 2 1 2 2 2 2 1 1 2 2 1 2 2 2 2 2 2 2 1 2 1 1 2 1 2 2 2 1 2 2 2 1 2 2 2 1 2 2 2 2 2 2 2 2 1 2 2 2 2 1 2 2 2 2 2 2 1 2 2 2 2 2 2 2 1 2 1 2 2 2 2 2 2 2 2 2 2 2 1 2 2 2 1 1 2 2 2 2 2 2 2 2 2 2 2 2 2 2 2 2 2 2 2 2 2 2 2 2 2 2 2 2 2 2 2 1 2 2 2 2 2 1 2 2 2 2 1 2 2 2 2 2 2 2 2 2 1 2 2 2 1 2 2 2 2 2 2 1 1 2 2 2 2 2 2 2 2 2 2 2 2 1 2 1 2 2 2 1 2 2 2 2 2 2 2 1 2 2 2 2 2 2 2 2 2 2 2 2 2 2 2 2 2 2 1 2 2 2 2 2 2 2 2 2 2 1 2 2 2 1 2 2 2 2 2 1 2 2 2 2 2 1 2 2 2 2 2 2 2 2 1 2 1 2 2 1 2 2 1 1 2 2 2 2 1 2 2 2 2 2 2 1 1 2 1 2 1 2 2 2 2 2 2 2 2 2 2 2 2 2 2 2 2 2 2 2 2 2 2 2 2 2 2 2 2 2 2 2 2 2 2 2 2 2 2 2 1 2 2 2 1 2 2 2 2 2 2 2 2 2 2 2 2 2 2 2 2 2 2 2 2 2 2 1 2 2 2 2 2 2 2 2 2 2 2 2 2 2 2 2 2 2 2 2 1 2 2 2 1 2 2 2 1 2 1 2 2 2 1 2 2 2 1 2 2 2 2 2 2 2 2 2 2 2 2 2 2 2 2 2 2 2 2 2 1 2 2 2 2 1 2 2 2 2 2 2 2 2 2 2 1 1 1 2 2 2 2 2 2 2 1 1 2 1 2 1 2 2 2 1 2 2 2 2 2 1 2 2 2 2 2 1 2 2 2 2 2 2 2 2 2 2 2 2 2 2 2 2 2 2 2 2 1 2 1 2 2 1 2 2 1 2 1 2 2 2 2 2 2 2 2 2 2 2 1 2 2 2 2 2 2 2 2 2 2 2 2 2 2 2 2 2 2 2 2 2 2 2 2 2 2 2 1 2 2 2 2 2 2 2 2 2 2 2 2 2 1 2 2 2 2 2 1 1 2 1 2 2 2 2 2 2 2 2 1 2 1 2 1 2 2 2 2 1 2 2 2 2 2 1 2 2 2 2 2 1 2 2 2 2 2 2 2 2 2 2 2 2 1 1 2 2 2 2 2 1 2 2 2 2 1 2 2 2 2 2 1 2 1 2 2 2 2 2 2 2 2 1 2 2 2 2 2 2 2 2 1 2 2 2 2 2 2 2 1 2 2 2 2 2 2 2 1 2 2 2 2 2 2 2 2 2 2 2 2 2 1 2 2 2 2 2 2 2 2 1 2 2 2 2 1 2 2 1 2 2 2 2 2 1 2 2 2 2 2 2 2 2 2 2 2 2 2 2 1 2 2 2 2 2 2 2 2 2 2 2 2 2 2 2 2 2 2 1 1 2 2 2 2 2 2 2 2 2 2 2 2 2 1 1 2 1 2 2 2 1 2 1 2 2 2 1 2 2 2 2 2 2 2 2 2 2 2 1 2 2 1 2 2 2 2 2 2 2 2 2 2 2 2 2 2 2 2 2 2 2 2 2 2 2 2 2 2 2 2 1 2 2 2 2 2 2 2 2 2 2 2 2 2 2 2 2 2 2 2 2 2 1 2 2 2 1 2 2 2 1 2 1 2 2 2 2 2 2 2 2 2 2 2 2 2 2 2 2 2 1 2 2 1 2 1 2 2 2 2 1 2 2 2 2 2 2 2 2 2 2 2 2 2 2 2 2 2 2 1 2 2 2 1 1 1 2 2 2 2 2 2 2 2 2 2 2 1 2 1 2 2 2 2 2 2 2 2 1 2 2 2 2 1 2 1 1 2 2 1 2 2 1 2 1 2 2 2 2 2 1 2 2 2 2 2 2 2 2 1 2 2 2 2 2 2 1 2 2 1 2 2 2 2 2 2 1 1 2 1 2 1 2 2 2 1 2 2 2 2 2 2 2 1 2 1 2 2 1 1 1 2 1 2 2 2 2 2 2 2 1 2 2 1 2 2 2 2 2 2 2 1 2 2 2 2 2 2 2 2 2 2 2 2 1 2 2 2 2 2 2 1 2 2 2 2 2 1 1 2 2 2 2 2 2 2 1 2 2 2 2 1 2 2 2 2 2 2 2 2 2 1 2 2 2 1 2 2 2 2 2 2 2 2 2 1 2 1 2 1 2 2 2 2 2 2 2 1 2 2 2 2 2 1 2 2 1 2 2 2 2 2 1 2 2 2 2 2 2 2 2 2 2 2 2 2 2 2 2 1 2 1 2 2 2 2 2 2 2 2 2 2 2 2 2 2 2 2 2 2 2 2 1 2 2 2 2 2 1 2 2 2 1 2 2 2 1 2 1 2 2 2 2 2 1 2 1 2 2 1 1 2 1 2 2 2 2 1 2 2 2 2 2 1 2 2 1 2 2 2 1 1 2 2 1 1 2 2 2 2 2 2 1 2 2 2 1 2 2 2 2 2 2 2 2 2 2 2 2 2 2 2 2 2 2 2 2 2 1 2 2 2 2 1 1 2 2 2 2 2 2 2 2 1 1 2 2 1 2 1 2 2 1 2 2 2 2 2 2 2 2 2 1 2 1 2 2 2 2 1 2 2 1 2 1 2 2 2 2 2 2 2 2 2 2 2 1 2 2 2
225
199
241
1097
203
1410
603
1437
155
816
1991
1405
814
1667
1156
1147
1949
1153
1194
1253
1848
511
1843
777
724
431
12
1203
594
1574
1691
1423
275
1594
1193
866
778
1038
1891
1085
660
305
1874
88
428
375
1835
1184
1519
509
1328
1346
1010
1849
990
629
1665
837
74
1710
1230
1709
1027
1927
254
719
911
1188
1424
1699
1802
71
951
424
692
1405
155
1854
291
1406
911
7
1750
1194
932
162
1238
27
1941
336
980
213
1412
1264
1715
1447
1636
1840
422
1587
1616
430
1194
371
1513
378
1855
1823
1300
249
119
1897
697
1422
221
1517
1108
559
1733
127
511
1485
345
531
420
919
1187
1056
262
1260
1470
1592
221
1870
296
822
1898
1109
395
1298
1411
1243
719
1506
768
510
227
1260
1533
977
1492
812
894
1284
1081
1448
1476
1796
1947
1622
1750
406
155
1899
1725
1355
701
1070
1840
1768
1458
1396
1340
1590
908
321
545
34
99
1194
1008
647
407
395
667
949
1783
374
1346
1040
372
199
162
1333
148
145
887
1644
326
1814
1692
1314
1866
945
195
394
1354
359
241
450
952
410
256
21
1744
861
103
912
485
1410
774
600
841
1370
1031
112
768
1230
1597
126
38
1
495
1281
1423
559
1275
1117
423
1
1923
259
426
57
266
170
302
115
652
1674
459
1476
1373
1433
1526
1151
115
1628
1309
426
1203
986
692
1024
1797
947
1541
1257
1284
450
553
914
837
116
805
1149
1753
1835
1374
1069
1123
653
1
1188
344
1101
1659
208
269
1476
1381
797
1798
226
1692
1095
37
1903
899
857
553
819
613
1891
1173
1309
1621
719
1257
1936
1208
472
1309
673
751
1295
505
998
1296
1040
1445
1707
530
1737
1369
934
582
1275
238
1468
1422
3
1622
164
780
1905
87
371
622
1943
663
1037
119
1462
990
934
155
1872
226
1152
1045
1243
166
363
1709
1066
640
759
202
1603
1665
389
55
202
1298
1403
645
367
736
459
105
1218
1550
961
118
1260
1594
663
1691
329
653
378
1156
1275
1097
254
1247
911
1614
1
1038
1758
1269
1269
1070
386
1143
389
1552
947
1443
1758
340
1248
652
305
226
176
1392
1156
1132
1422
1375
1411
166
638
1860
697
1203
87
511
1284
1964
1601
699
1089
1380
1021
63
693
1826
1286
581
69
1052
1740
1164
325
508
1821
425
1823
1679
1298
865
1417
1346
84
1302
1268
221
1017
1081
1375
470
1891
241
1247
735
1501
965
996
27
1063
1825
961
57
1195
284
989
350
1598
112
510
1298
1618
1478
645
499
778
419
1797
1988
1352
603
762
1765
582
549
126
395
615
1422
1346
1159
1193
514
444
1754
1815
1674
997
795
1571
356
1741
603
1947
1870
262
1940
1531
1352
1363
650
1913
1373
1611
1352
170
1297
180
1039
1846
1396
1265
128
105
789
1072
950
1925
849
199
1697
510
1215
10
248
175
452
393
262
974
539
112
407
1191
678
797
1576
1941
841
86
837
897
1529
652
1632
986
1644
1798
1468
1260
1870
32
665
509
1173
1520
1015
113
1087
829
873
826
728
24
270
1595
329
1316
1465
1176
1085
1486
1320
1401
485
669
1058
1759
256
1164
1842
1403
1197
245
1420
91
757
1403
1240
375
1492
182
1519
420
1072
814
34
170
655
1740
29
761
629
1155
210
1464
947
1497
1806
1108
1546
1741
37
262
594
966
393
1443
174
582
1458
980
1948
1398
652
233
742
1665
1940
1540
1331
1301
932
1037
396
559
1
1986
1142
247
510
407
1060
211
1836
1284
579
1478
88
1592
965
305
654
947
1567
1970
395
1671
502
1933
789
891
1402
993
1739
1568
1216
899
1715
1681
1763
1539
1231
1314
542
1408
1979
1839
622
1253
424
420
949
421
1715
284
1651
1436
1553
1797
816
514
749
1697
1532
1323
883
513
602
226
752
1182
38
299
1996
1001
916
1763
1966
590
1260
1213
431
1999
133
1796
174
723
1674
1231
275
61
859
704
1515
69
1849
1366
1003
1758
1559
452
1796
1463
629
1482
254
1
219
1708
787
241
1662
1533
1002
544
1749
241
1631
49
800
1005
1691
1438
1888
385
1862
352
1870
120
1632
866
326
295
853
186
1337
828
968
1922
1962
1704
174
1008
119
175
701
327
1760
1301
241
1727
1467
1941
785
788
154
1616
1914
697
1562
1359
45
1451
1298
1647
1230
649
262
1469
1806
133
1422
1
356
1099
1593
1344
1911
396
1691
1388
1168
1208
1944
727
403
77
490
384
1451
1269
325
355
1320
326
208
1162
1482
1348
623
154
531
1084
1820
550
1412
1422
851
71
1940
1327
1234
262
911
1829
1010
688
658
423
947
1070
888
1759
548
715
1028
844
133
314
496
701
475
194
1002
555
487
1324
133
245
1491
171
103
552
629
1757
1296
1220
1226
1742
1717
233
439
1252
84
1505
272
371
1748
1333
1799
1193
1296
1424
891
1783
1348
1650
170
210
1236
1594
1758
822
1957
438
1913
531
1892
1291
536
334
1964
1526
774
257
669
1037
647
1829
1699
72
1849
1205
1129
1077
814
912
610
818
1476
227
1355
1352
814
790
1073
1477
326
1208
441
187
684
552
1764
480
1970
1029
1002
1713
647
834
1243
800
1190
285
325
809
71
1478
1671
1031
1138
1513
1593
1146
577
711
869
425
1926
466
815
1113
911
1389
646
1622
932
968
1489
241
1
1565
824
208
715
1394
809
1574
374
1768
582
1970
486
928
1550
835
256
371
150
531
1674
1249
1075
1216
743
1072
1611
785
314
344
996
262
1325
652
774
1824
919
1859
180
761
675
27
1205
1353
1571
447
809
10
769
1057
284
1217
1436
905
1458
1910
1206
212
844
780
275
1739
99
1378
1461
284
1926
1003
1966
250
1960
844
762
1344
1
544
227
818
1181
667
1876
1491
919
1205
88
332
1768
1275
1107
610
111
275
832
836
1394
869
1604
844
1870
32
829
1428
1253
1777
247
1161
480
485
231
612
284
715
87
866
1548
1478
1792
1367
825
1145
1523
269
1868
292
719
1049
392
673
159
1286
239
377
1905
411
1233
1672
1332
1572
1587
1893
1381
337
1448
1461
723
1381
1473
1783
119
1465
189
979
1401
1095
636
88
1949
59
1864
1276
1518
393
517
476
1606
366
509
1714
490
401
502
1010
1862
262
7
997
1005
69
1074
1163
751
1825
1070
1966
510
1438
1642
1790
1240
470
762
1789
1855
1233
1369
1779
186
1489
283
295
295
648
773
1345
53
1
1925
1073
262
993
1709
476
1791
1947
986
1217
125
1613
335
1644
410
122
1410
510
343
1476
1305
1957
1797
327
1591
1779
1763
1437
993
112
633
1674
316
1099
1211
684
1072
133
195
1410
1979
1741
910
1284
1891
1412
1203
678
1447
29
1866
401
1704
866
545
1089
262
430
1625
1513
1834
1073
926
1766
170
1422
1053
285
1791
1749
909
284
829
1374
1243
1511
1164
1800
1533
775
911
1754
476
1453
977
997
7
949
82
1476
247
1671
1256
715
1839
1550
17
1385
656
809
723
1933
382
426
393
1737
1080
822
959
1445
859
1286
1840
1399
1799
1015
1927
112
1422
210
1017
914
1665
184
839
726
186
761
1265
169
818
1132
71
1463
71
1434
155
1187
1497
316
1644
1696
1783
749
1966
1697
147
899
1269
1381
68
715
700
1029
591
291
1396
678
423
1482
1851
1775
130
1498
511
259
1586
408
71
998
1265
310
307
1293
790
314
1424
1031
141
757
430
1410
1927
1836
1260
1477
1333
1628
1864
1021
459
976
768
559
1849
1396
427
188
332
1704
1360
1029
1758
1067
778
1530
1674
1742
130
1850
173
1927
1532
1399
343
1547
693
1704
1709
164
221
1256
779
1775
284
1416
1668
714
1457
315
1403
150
1218
1248
1040
1441
965
1726
967
68
1044
1236
1498
1850
1626
1126
1806
41
1750
497
852
1493
275
911
284
644
816
99
1477
1017
838
112
990
1596
826
1553
544
327
594
1146
1706
1685
344
869
7
1753
1263
1505
1674
332
913
189
760
844
15
1513
1413
1337
1482
1271
1697
1116
658
1301
788
343
1476
1145
1346
1309
683
1754
932
1436
1113
128
625
1323
1295
1727
169
715
162
531
164
1361
1424
818
742
1421
1937
256
1460
1423
1400
1437
622
1595
1284
531
193
1286
865
1023
1112
1031
305
566
1080
1299
1202
745
1119
1391
540
1003
226
1398
757
724
1705
1181
1179
1616
1303
1145
1367
388
1052
244
662
1755
1386
126
29
699
292
1257
1713
724
1697
1616
285
824
1478
797
454
871
1627
1023
1709
572
241
1233
1009
1380
1284
1298
1674
241
583
419
635
1309
1296
1356
746
356
979
688
1627
169
258
1080
923
1240
996
342
346
1586
518
1858
1008
1001
444
1883
1090
1980
1749
97
1564
1269
227
1673
1699
1020
32
1244
1141
800
998
1017
1029
366
87
1345
1143
1777
312
1060
1502
1802
777
1791
1382
605
183
559
1834
389
686
499
1143
1073
1760
678
441
1685
740
1864
1592
1203
508
1749
1870
537
259
1203
1817
97
911
1252
693
694
1595
544
1732
837
201
482
106
1275
1755
1660
617
1498
1138
1727
693
1527
404
1813
366
1839
1084
652
1296
1780
640
1872
1593
1465
553
168
1554
652
518
372
894
155
1052
445
1736
284
596
1625
1737
1478
941
1618
1023
1839
459
1346
1440
1779
1460
1513
1888
221
1294
352
1710
1850
878
1232
908
997
226
1256
512
1505
998
1574
1903
1593
68
1755
457
1221
878
335
1497
366
305
1216
292
1549
1766
914
494
1590
877
950
10
408
1402
1177
1062
1253
802
293
139
1298
571
980
295
338
1911
1699
1840
1070
1343
1362
653
270
790
10
635
1817
842
241
133
233
1507
890
161
1587
112
1468
1732
1354
1457
1687
1348
1666
1547
1553
1631
829
1031
1461
1878
652
133
575
87
911
1846
1497
1029
1679
1535
958
295
572
186
903
1038
1211
1567
274
1547
253
1216
1593
822
837
367
1403
1505
1315
999
1754
221
373
1031
816
1323
455
1309
1806
459
1015
410
1
229
768
947
1743
1457
1203
500
1862
241
1416
1072
1880
1190
406
1763
373
293
1453
1757
1508
614
1793
1330
1604
1070
340
1831
506
1217
226
1825
7
846
1163
1108
392
344
29
678
754
179
253
1947
1145
640
1931
1848
501
1275
749
146
97
1334
1986
99
232
553
1517
1848
1551
633
1002
1309
1618
241
250
980
1383
1881
28
170
1593
1575
1256
1756
1065
133
818
965
422
1404
1275
1077
997
869
1501
990
423
1402
356
1786
66
1211
1510
1039
1846
1828
934
1953
1066
316
1889
1376
219
1754
1271
531
1888
1251
1521
452
191
1921
861
1074
586
693
692
1565
1301
71
1628
1553
935
1017
1050
1802
1416
295
250
1718
1447
1003
1532
797
158
1113
273
1364
141
445
