2000
95 1027 162 677 278 318 995 522 764 1178 1071 229 1084 291 424 643 329 180 714 1181 731 235 71 171 1093 1199 797 820 120 489 744 527 1012 1011 1182 805 995 387 992 1028 740 267 219 1172 698 570 683 892 41 561 378 947 997 654 43 271 44 360 108 772 390 209 420 45 560 871 563 674 452 956 62 124 932 468 183 747 274 529 845 705 546 562 403 807 38 153 294 81 380 265 632 21 434 732 483 481 1202 979 235 774 1126 243 1214 196 597 536 656 980 565 404 502 987 837 708 1147 359 832 503 249 1130 3 886 887 878 877 501 395 971 1140 989 316 699 1104 135 1115 937 385 707 374 1174 293 393 1008 870 313 1196 437 275 342 587 787 657 336 225 794 2 902 1190 650 809 820 229 643 522 265 785 606 1117 1198 1083 511 109 269 870 1137 627 1055 351 263 293 334 659 436 38 181 755 771 912 621 705 568 206 237 1113 794 1022 128 449 1083 362 1 1011 846 863 397 518 904 117 748 312 866 186 1197 378 967 50 686 136 335 154 610 1134 843 114 823 193 1023 479 991 8 1106 13 420 1017 157 121 1001 495 828 242 687 719 25 934 729 886 123 1029 840 970 504 1052 404 906 442 455 282 776 27 1132 925 1153 303 714 1099 725 1141 562 282 185 1189 802 1100 847 413 1102 922 183 1027 758 548 174 463 181 319 239 577 17 823 40 210 340 510 968 972 498 699 977 1037 1037 707 716 901 841 1175 488 938 477 868 608 623 537 59 443 356 800 435 780 1177 837 916 532 355 1044 653 572 1114 504 742 942 849 90 659 827 330 88 871 285 152 844 16 222 845 927 261 523 208 682 119 72 1191 458 433 495 535 1002 97 628 291 1042 192 666 711 897 1132 449 708 330 150 515 724 425 242 771 227 894 175 246 635 660 114 635 819 658 333 317 275 707 959 450 303 868 1049 782 1088 1031 614 398 980 909 584 1056 574 1096 664 2 547 1009 223 378 863 644 953 142 615 172 591 392 45 844 491 1103 1204 238 1019 589 490 1205 483 224 543 365 372 1049 428 235 77 942 1048 607 297 461 792 440 1161 936 946 132 750 590 82 531 550 850 228 822 900 1120 169 341 47 210 323 236 738 1206 176 1204 756 1028 217 777 720 504 297 986 444 725 1027 118 111 1175 364 570 1015 641 149 546 932 82 152 244 399 935 494 1193 641 1060 766 963 57 1059 966 587 627 914 681 851 817 974 924 1202 1112 354 792 559 1133 1116 1043 396 1069 469 723 1058 553 419 431 761 180 1037 86 486 902 607 796 295 201 1162 915 354 392 1041 656 680 929 1162 36 706 80 223 84 629 838 909 200 1110 1161 179 1155 1091 701 419 1034 1032 1024 640 392 277 429 92 707 634 89 593 285 276 262 930 275 899 1126 785 923 343 10 1038 581 147 1153 927 652 792 1170 939 544 671 921 897 1140 1207 1200 1092 1174 422 872 1120 995 247 468 164 824 105 676 1059 1082 733 315 808 725 1178 314 117 438 140 950 690 873 1135 271 401 499 50 1087 149 148 978 61 875 170 157 313 277 427 116 647 212 776 92 1167 1055 459 633 795 164 674 1060 1070 912 710 945 1071 430 434 766 45 263 134 364 502 141 271 499 895 874 571 210 282 305 449 154 328 1109 787 376 882 358 566 1188 815 267 649 1214 173 167 297 915 707 235 999 1086 662 1099 530 79 1214 435 1108 667 124 733 675 1089 768 463 516 514 582 20 235 850 58 879 704 1097 789 594 376 600 398 423 32 727 220 420 644 649 678 940 488 1189 1167 880 20 228 126 917 1098 560 1182 101 811 754 1063 1000 874 1191 704 789 801 240 841 44 297 1007 32 558 470 1198 325 276 79 683 110 442 153 693 201 712 930 911 780 1020 818 21 357 1184 438 135 995 551 413 424 107 943 517 44 844 1205 1080 132 150 55 806 234 301 48 557 230 143 123 747 369 64 961 786 1118 106 109 1110 453 994 110 968 304 588 574 35 548 288 518 882 228 703 1032 1124 546 837 843 683 153 255 109 344 55 343 637 560 420 620 106 241 566 5 737 522 367 1099 1189 1131 460 1069 481 202 950 1089 977 399 825 1050 734 1017 589 104 913 1084 758 1070 130 1136 666 579 625 297 814 554 136 868 297 1039 641 588 563 640 111 853 105 253 332 438 72 359 712 679 767 250 374 208 384 966 43 711 1131 539 112 518 414 1170 322 1010 734 1082 236 167 258 959 513 693 304 506 529 712 908 716 794 343 414 1123 489 979 772 1128 713 6 1126 753 559 94 95 1189 756 509 824 667 811 572 426 1214 1076 669 757 621 1087 407 905 1031 56 653 761 1015 509 512 477 356 768 378 299 83 693 28 585 24 953 660 811 1108 681 771 234 1075 750 95 842 967 56 1097 296 1049 917 213 207 881 1059 945 695 264 2 915 280 18 111 1130 637 531 1089 1007 161 476 575 152 560 555 669 981 136 973 896 588 1174 651 958 535 156 405 574 166 326 733 60 838 782 758 1086 18 150 890 723 787 1120 2 1082 990 612 1201 455 1093 1181 724 1034 174 47 982 1022 1139 718 223 45 441 61 1180 743 1211 423 286 1158 774 1108 559 881 828 795 605 655 127 520 1147 734 910 81 175 418 777 965 93 34 1033 531 267 313 53 990 917 50 1034 472 430 727 795 624 743 344 876 501 663 389 622 41 791 9 149 1082 578 240 388 11 667 319 179 14 45 556 921 583 659 74 1127 745 1160 258 958 813 60 1039 1165 908 587 657 131 655 1199 113 501 851 1067 697 575 236 647 530 683 1117 1111 132 71 275 537 678 717 538 837 286 137 982 140 622 1055 634 1004 373 1096 1181 592 90 958 396 556 5 454 144 1207 181 1129 1189 695 134 323 690 270 563 1059 145 100 779 579 124 911 246 839 701 737 1025 946 900 767 300 429 1019 504 22 1018 904 51 1169 420 931 755 553 1014 550 342 776 984 1185 901 153 240 487 453 479 738 197 622 1100 835 955 540 113 521 1163 810 752 775 362 744 559 1057 428 49 295 229 1087 645 178 514 412 387 995 764 751 885 360 922 445 354 297 439 677 213 536 1080 820 785 628 514 231 153 464 608 952 151 777 779 1071 882 1005 920 260 521 438 746 312 708 73 365 1131 396 814 991 725 307 529 193 540 984 928 716 96 6 263 559 1036 71 435 533 1046 912 641 919 270 536 65 987 876 650 32 1190 836 1030 479 964 279 870 833 673 389 296 591 1192 51 691 952 928 531 102 633 336 637 401 601 777 952 409 1152 1019 1152 555 1196 305 462 845 364 967 1017 211 808 43 760 16 776 867 393 1145 553 1137 966 207 953 151 25 859 192 883 849 669 44 1194 249 516 1044 797 400 502 47 1006 193 165 117 1008 815 283 329 294 569 1155 1006 946 565 694 487 207 315 856 1165 840 241 399 651 65 531 1072 369 554 860 1208 140 31 158 1060 1076 215 394 676 992 202 81 1195 419 177 676 724 731 702 571 1135 856 892 415 1117 989 988 534 678 648 246 1145 220 1002 946 1126 113 146 301 155 236 528 71 269 497 722 1128 529 71 544 7 384 1188 774 968 78 1149 299 868 925 1108 95 129 888 349 248 231 126 1155 351 721 29 130 738 197 266 137 1164 276 793 132 767 580 764 497 593 62 890 415 264 831 19 937 170 625 913 195 339 1208 928 1122 331 206 903 665 473 537 349 176 1008 1049 828 998 920 201 777 139 1053 1052 479 44 20 319 601 1035 543 915 296 44 84 765 449 549 780 1213 14 906 399 118 477 1153 520 947 609 137 566 887 1023 809 1 541 429 533 938 25 563 77 988 682 446 658 502 187 947 192 472 341 104 558 1032 257 603 209 1189 152 905 1097 184 177 641 609 643 223 466 147 762 653 198 916 52 829 847 23 888 153 76 1149 857 231 687 62 592 421 1000 991 111 1166 675 60 266 398 778 816 1042 421 495 847 283 590 740 62 668 386 852 812 37 282 853 754 506 99 277 882 67 1133 912 248 1035 659 164 428 443 1096 604 120 1075 705 547 559 798 55 220 1187 18 180 1165 432 336 670 616 1063 99 1209 221 436 1059 937 1093 805 421 124 183 908 92 448 974 379 974 652 545 119 463 633 1080 1081 947 929 440 83 470 59 29 1042 785 178 166 37 1157 743 516 1083 142 206 190 1127 28 821 279 1072 441 602 39 143 666 1097 1022 145 1037 542 1156 370 978 534 736 493 1127 77 238 435 871 1121 864 751 204 88 767 521 559 1078 709 247 746 525 308 88 679 474 326 430 235 937 906 24 394 501 88 571 547 44 232 1165 1089 976 560 565 70 2 130 732 1015 392 586 513 198 1154 527 804 823 708 290 703 772 205 729 1066 407 1018 1165 543 1086 346 395 1151 1211 644 314 370 1211 859 519 1109 703 329 690 192 1136 198 369 458 18 584 442 843 319 791 728 176 439 869 125 782 765 606 1086 194 426 1012 697 1113 1130 211 400 430 793 1095 1030 97 459 1072 185 191 747 312 658 159 477 652 583 1138 301 885 318 639 125 808 910 481 736 833 1070 21 243 939 169 1175 174 123 311 54 222 454 803 664 866 425 253 1056 539 759 1101 257 224 632 442 1137 729 964 435 339 96 808 722 972 880 581 622 1116 860 361 468 1128 957 1071 795 549 1041 883 22 283 384 393 149 252 357 1172 1041 978 218 39 1195 710 788 1104 712 1080 796 60 888 917 968 662 6 473 1 76 215 1054 457 61 973 451 818 270 865 73 402 376 328 983 306 325 1038 222 96 490 1148 553 1095 1161 8 969 894 495 1039 78 851 740 1064
775
361
1760
449
1453
1763
1487
395
1561
1993
611
1181
255
333
1141
1966
1365
1578
1913
642
92
407
1697
1595
806
1322
940
306
1968
140
506
43
232
82
649
1027
133
1321
110
1003
705
1770
10
1135
437
371
1740
1317
984
255
943
3
899
932
982
800
1341
1186
1749
614
1213
1250
81
1865
1074
1692
1909
1611
1189
1831
1448
1777
1203
621
1135
610
265
610
1594
1553
255
1845
1203
1740
1087
1745
251
722
469
518
1652
1495
3
948
1237
1702
1299
647
212
614
608
1728
749
536
998
1481
375
1678
1108
431
119
222
694
88
1122
1548
1017
1998
25
669
707
265
99
1265
1854
583
710
866
1553
372
295
888
110
297
850
1143
443
1051
76
372
1810
1393
407
1729
1
1531
408
631
1487
222
507
765
476
586
1389
1359
234
1330
835
553
883
167
543
1668
1672
1763
232
582
1747
1051
8
1720
381
679
21
706
1240
935
666
1949
581
90
792
876
1336
628
817
1336
38
778
1735
1935
850
1324
862
1051
1383
11
1763
1910
1953
1583
1276
79
1721
239
1611
1484
1668
1075
999
622
1368
1826
402
1553
545
1935
764
1317
1209
932
1726
509
1583
1054
1253
32
651
506
949
1875
1180
1777
632
1321
926
781
234
1024
1399
1214
788
346
1087
307
1826
1394
1207
1680
1279
646
566
1231
1896
1493
208
266
886
1982
644
1547
1921
907
1282
1450
1299
1853
1038
1640
1751
915
1657
1498
766
443
1209
146
1745
263
1904
1574
1416
1054
1304
1715
1596
598
1676
1746
1280
365
603
1368
602
1368
1377
1551
563
1788
853
594
1220
52
1753
455
598
871
1316
1033
344
401
1444
1384
1970
1960
1676
45
581
1236
1
1214
782
1591
923
1864
729
1686
1898
895
35
375
903
918
917
1841
1249
1984
1594
1595
1945
447
164
1844
73
1254
1854
1564
293
698
1066
64
1313
1801
509
722
1153
1967
1456
656
1341
298
1819
495
1706
1351
1054
701
1627
752
610
656
840
81
1155
1265
1197
1828
1898
1165
297
90
1513
1268
1936
640
912
507
1610
1508
763
1633
1986
1815
1957
1396
1277
1530
750
222
543
1179
1380
73
1673
257
927
1088
297
114
1263
679
933
766
676
971
1676
482
1993
1263
526
1357
744
1136
1682
1238
1501
610
185
1847
1005
954
156
493
1223
1141
1881
1180
473
1662
1369
1680
747
1539
1898
989
1228
495
911
101
564
1498
1539
775
1667
1147
1307
411
97
1491
52
797
999
1547
1102
1839
73
1611
340
20
1207
1680
1936
1534
1614
758
1381
224
1917
576
131
1538
1144
411
1723
1583
1141
15
1580
212
755
1222
210
594
1761
1268
1935
532
383
871
1352
498
1511
1850
1314
750
710
322
1742
522
8
875
279
156
1333
64
206
1581
1264
48
1968
558
201
173
460
749
623
528
1050
375
1580
146
1089
1586
509
1467
566
1032
1449
672
394
806
502
610
470
333
1809
119
210
1581
1764
1993
1276
1494
1641
33
1994
1188
375
971
1848
895
532
1619
1441
631
911
1450
884
545
1245
650
1980
1894
227
136
1143
125
809
590
1537
639
81
498
99
1593
345
821
1741
1559
707
656
18
1896
1638
1228
133
1448
327
835
813
1071
449
1997
1867
847
143
1724
1652
214
1804
1881
1583
1500
117
803
1040
1463
1663
663
1099
265
1937
990
1383
1322
1530
876
651
1707
582
1786
257
509
627
45
1865
1652
724
1320
1299
1958
1627
1340
1763
1593
1448
1642
1089
1707
1488
792
1099
309
679
1151
1579
1161
538
1438
73
1299
1250
885
610
888
255
1853
648
139
759
1750
1097
1367
21
1129
1869
1441
1033
110
722
755
1337
166
692
932
1741
1154
1935
1
1092
685
1385
1492
809
1746
584
452
1878
1617
631
1760
1174
1324
561
1393
1410
732
639
1613
88
234
631
1913
558
596
1884
257
427
1436
1560
841
1314
1429
507
11
1180
1493
1890
1312
1731
1306
1222
71
896
1599
1023
1968
762
1732
943
346
1037
1186
1074
910
1479
1777
1898
1786
1887
1994
1819
1582
1218
763
1027
1581
933
184
1362
940
60
468
27
657
68
468
1816
353
1264
1383
630
1299
1539
1777
375
1898
48
871
744
1198
410
1229
771
218
694
1768
1174
1799
1
1529
330
331
1416
1218
1740
585
232
910
1801
1864
21
1555
1439
716
1583
1560
1191
82
404
1488
1593
1351
210
1692
1488
291
662
958
553
1801
1818
916
4
9
107
333
876
469
651
1171
406
1898
1054
1687
1263
323
862
257
1027
752
629
1887
1644
728
755
222
101
1189
1389
1038
11
1212
79
893
1545
267
36
1500
454
651
1005
948
893
86
1310
101
93
1
292
1383
1495
798
639
641
871
367
1485
1617
1347
540
1816
1458
841
1921
1161
996
1668
1481
688
545
1765
372
1439
765
1501
1585
581
1929
1207
990
1579
1838
329
1365
894
1911
321
1968
1998
843
45
796
782
1464
1487
856
236
1834
1254
779
886
749
776
1365
1791
410
1477
923
1777
1712
1279
1369
1810
1775
674
1658
1224
888
278
1844
223
1133
650
1006
1429
1788
848
806
970
1917
1840
590
1544
1390
1580
268
1312
1094
1488
346
1946
641
1019
1
1968
1448
1777
1844
68
1930
212
426
1593
527
546
359
1310
1222
1985
205
1917
1661
1534
319
79
59
1087
365
1457
1786
622
896
1568
955
598
888
1935
1139
1222
683
835
1990
1920
778
1872
50
1731
166
47
501
1608
1878
1391
1762
322
1742
1026
1038
1609
999
614
1599
662
73
353
335
254
1925
1735
1887
686
498
1666
1925
662
1045
948
1216
1951
1545
24
1425
1582
416
959
1481
326
590
205
1015
958
1737
1365
1935
1568
146
1064
533
1897
1089
1581
223
519
1038
1321
1804
1811
225
506
1610
1038
365
48
1702
1729
590
1760
1401
912
507
1134
1302
540
18
1377
1368
333
1611
846
553
959
560
495
886
758
990
1317
841
183
1336
532
662
697
1057
614
944
1988
1132
1021
1143
940
81
591
1060
901
988
1993
1987
1463
874
1094
1966
68
1953
36
1840
948
1362
581
1214
885
64
331
1539
1197
259
933
1749
645
1250
1986
399
1680
133
114
1657
1061
1463
1860
1898
1365
625
1202
1645
817
1141
530
1365
1881
24
776
660
534
48
395
70
1287
205
584
684
907
1384
1338
1329
1527
1180
270
777
1403
345
1549
523
76
968
117
566
650
1255
1312
631
1550
666
1894
899
1254
167
729
1560
1038
493
55
1457
1231
1988
1410
1986
205
792
594
1552
365
668
1213
221
1024
8
1054
1057
1749
426
1445
210
18
167
1835
462
112
1441
141
466
490
1369
322
243
1573
917
1
216
905
1490
333
265
732
1672
1137
254
1638
984
1209
530
1729
1048
246
1476
1725
697
1317
683
1050
644
1106
1988
739
71
1593
1845
1526
394
266
566
876
1993
911
440
78
792
587
293
1617
1315
932
1698
18
944
129
1864
796
338
320
976
1619
1277
261
1282
40
1314
1703
1699
1929
76
895
1777
1810
1986
740
1129
1226
1468
1537
9
1749
1436
206
1990
235
1812
830
76
208
1158
642
1684
287
455
383
321
1567
1093
1237
873
1645
1383
538
364
1135
148
649
614
1783
1609
779
833
1737
749
120
1801
62
1489
1135
1429
1601
320
1268
1920
1231
1056
1985
1141
1279
84
781
1741
1549
734
1099
1682
1186
851
779
1207
614
538
928
1778
1784
700
1108
1013
676
1151
1099
1788
820
87
302
717
1503
243
1
1038
1909
1092
69
254
1847
1663
1860
1006
1430
507
833
535
1487
1732
180
911
1652
46
667
1159
1888
295
1715
1178
1527
777
1494
1227
565
1097
495
1935
1607
13
678
1312
1489
1697
1105
933
407
1574
214
321
1783
1702
1535
1553
1983
1057
21
1024
807
197
1844
907
469
809
88
710
900
1602
1282
1993
1161
1568
1252
1668
122
1746
1699
279
1657
1788
1474
1113
165
912
240
755
1002
1574
402
110
184
1425
943
1986
945
534
331
1455
548
1741
48
1860
775
486
151
1864
1574
1762
1696
1041
1832
1553
596
1583
725
1937
171
624
426
390
1582
1601
254
927
657
346
1307
631
76
1481
1956
391
803
1642
1074
1567
1930
83
250
212
206
1476
1595
621
1859
1216
1690
971
1377
1844
1791
323
1606
303
887
473
601
140
825
1680
346
1778
617
1988
1365
1
1520
458
545
393
69
1161
1021
1137
175
1458
95
1741
742
21
1872
321
1827
1662
507
1021
1340
599
548
453
386
887
1021
1429
440
1314
516
776
386
68
859
755
638
398
568
64
283
1707
1281
275
1489
689
1807
1587
610
1898
160
1249
1165
1406
1074
1612
235
594
255
1359
817
1804
386
353
1077
1788
1522
895
1941
501
1947
1500
1051
927
526
1680
458
1119
1451
52
860
426
253
1571
893
373
1930
1790
584
70
1865
1076
807
1485
1344
1520
364
1441
184
1746
953
749
659
73
1406
1268
1917
1383
8
189
1653
1133
1045
1845
1487
636
1383
609
582
1898
21
1990
1552
667
417
1808
1
1792
146
796
259
1195
33
622
1231
583
1657
1228
1119
1990
648
1937
850
1231
1955
1743
1810
888
1697
958
1896
108
1856
365
482
797
1818
45
468
871
1884
1210
1419
93
200
1738
1122
323
1730
1538
469
1707
1096
1401
1826
1224
1932
1403
1449
1004
584
1836
1672
761
930
323
55
1
1463
841
1781
659
1385
1743
1105
871
334
1463
778
1746
41
63
1547
15
1968
895
1448
927
1040
255
1407
1864
431
1250
1167
683
806
1728
116
829
691
235
611
322
1490
1065
1818
437
1229
1006
365
1659
255
524
1741
1344
1715
1749
1299
976
852
666
1539
208
140
542
265
1180
901
830
1641
1890
114
1237
1593
1909
509
1867
894
941
1487
519
1763
70
1488
527
1269
561
1433
1464
232
480
1657
372
151
1884
1875
490
1692
1457
707
110
1493
1527
888
1668
1657
1816
189
856
146
1951
750
68
936
1396
278
519
297
1553
1892
1393
1701
630
361
70
143
1268
1098
274
18
1682
610
1936
1385
1627
1852
586
1481
1392
1493
623
1206
1761
52
1192
1025
755
1960
776
888
1851
463
527
616
932
771
1052
1513
543
275
723
10
1105
265
667
533
1384
1615
1216
1935
91
885
334
869
293
1494
1320
449
1985
1522
624
119
1493
636
162
648
365
1838
1828
1517
1448
1429
156
1940
1282
669
135
590
826
260
871
669
797
1317
1962
771
566
1476
1777
1324
1020
1188
107
291
1970
691
1930
743
1909
59
1693
1619
657
750
782
214
137
892
161
1436
171
613
1547
775
1792
165
1101
1658
313
54
587
1210
5
1816
732
506
1053
1582
1263
1601
416
533
614
662
955
1067
1228
606
1189
365
170
886
500
184
1122
84
