2000
241 339 215 216 328 34 33 207 54 270 187 48 320 132 344 21 147 102 325 328 214 184 149 97 45 3 306 115 171 200 279 5 286 273 109 97 266 285 124 85 286 344 175 53 364 212 63 201 183 193 190 205 23 292 130 132 44 178 37 145 347 357 75 337 259 108 364 260 204 357 33 143 302 285 74 363 258 29 295 9 323 135 234 354 142 6 32 245 193 89 255 304 171 144 5 243 292 270 299 231 10 206 71 233 271 133 237 143 86 261 196 94 43 31 144 219 305 227 301 154 81 4 14 5 334 10 286 19 313 195 269 111 191 302 138 224 224 47 236 91 216 314 282 161 354 324 302 72 270 255 236 72 73 221 134 268 49 32 170 28 113 84 96 1 252 271 300 287 143 151 359 305 90 290 156 101 314 70 17 163 182 76 212 150 216 153 216 307 328 43 110 297 44 333 228 219 367 213 110 4 189 77 324 127 151 344 227 318 138 21 122 62 220 55 366 181 225 102 151 163 39 215 269 32 23 362 282 258 45 140 339 89 38 330 177 173 13 122 114 150 69 191 79 146 61 148 278 196 306 225 326 169 353 254 144 160 271 151 245 344 98 36 227 190 282 362 242 314 77 139 168 309 287 71 14 80 163 266 317 215 272 258 93 205 363 214 128 202 24 58 117 340 196 148 197 241 139 79 155 287 2 176 354 296 118 330 208 77 365 291 250 88 261 40 227 175 142 14 6 121 335 228 53 40 222 39 281 271 149 154 137 300 126 164 215 290 133 71 154 91 112 47 66 296 30 92 298 240 319 320 76 20 344 289 366 331 226 229 82 330 208 27 11 234 67 157 86 1 349 226 49 302 138 267 201 163 205 73 360 273 219 47 39 185 138 220 263 120 56 58 255 311 358 128 210 322 325 12 351 324 205 342 169 67 209 41 263 233 297 294 75 334 64 164 220 301 80 335 311 90 291 117 244 365 53 155 286 93 245 178 302 169 359 47 79 279 252 348 105 61 69 301 355 127 351 307 182 262 299 201 187 148 127 156 266 63 21 319 148 341 179 45 105 53 60 274 194 330 221 213 120 288 360 192 359 100 238 189 292 85 156 122 10 61 107 215 15 52 43 131 342 88 271 199 57 41 27 247 327 50 164 160 140 324 152 194 158 114 258 184 294 131 105 185 311 29 87 321 141 266 128 297 352 32 92 348 246 138 291 228 110 267 257 150 98 145 94 41 223 70 106 236 64 331 281 25 196 118 361 96 183 242 355 322 310 177 291 9 198 144 100 192 165 24 312 51 207 208 29 338 242 9 168 186 179 22 68 345 150 50 336 32 148 25 95 182 219 59 286 120 352 115 78 140 331 243 308 173 314 83 222 5 331 322 158 322 31 163 256 156 183 309 128 313 198 23 20 224 267 206 35 107 87 338 199 112 247 123 214 102 133 256 301 20 169 211 241 34 103 253 347 50 248 231 9 100 361 108 56 144 303 181 338 325 152 219 252 263 335 15 224 271 34 268 360 231 29 12 203 113 141 180 286 126 133 300 108 192 144 35 91 74 83 84 110 316 128 367 323 17 365 146 113 316 137 180 144 342 11 89 3 70 61 332 70 168 356 8 173 121 323 104 193 356 164 94 166 72 120 143 145 262 317 225 142 357 364 129 360 262 64 14 336 22 241 296 30 284 331 225 332 86 149 22 349 64 343 182 334 340 145 337 70 160 152 264 211 112 230 335 17 6 274 166 147 21 140 299 312 116 160 351 346 306 52 205 248 365 141 103 240 231 79 327 251 238 165 295 223 231 167 207 89 267 124 182 12 99 220 78 141 20 61 232 334 79 298 164 332 137 98 97 104 64 192 93 54 230 172 66 16 27 217 287 64 22 251 36 100 283 290 28 279 246 350 3 5 237 38 318 312 161 353 152 66 243 106 125 12 14 187 119 247 162 355 357 236 90 204 335 331 35 53 363 211 106 308 76 315 60 82 276 35 172 71 10 115 315 313 348 262 48 296 352 153 195 263 217 285 120 193 242 343 262 37 92 255 37 20 201 359 348 288 238 238 352 180 228 70 367 22 202 162 53 249 147 166 55 198 16 364 111 222 336 320 142 109 341 340 367 127 204 311 115 300 239 7 254 325 200 139 81 103 97 277 81 259 154 56 104 22 68 93 101 301 44 227 38 13 2 298 94 337 337 222 140 326 323 260 33 354 55 249 197 35 322 218 201 147 79 3 238 47 206 365 132 88 113 164 242 207 60 211 3 275 225 304 268 25 142 123 294 182 132 101 210 153 76 269 318 38 261 320 13 235 333 87 288 296 191 155 117 279 63 362 171 359 206 341 226 310 321 332 300 134 136 347 304 282 183 312 299 250 354 57 53 1 242 221 363 338 176 238 76 46 182 194 80 361 99 254 206 245 73 62 273 272 326 63 298 329 325 13 328 133 185 113 244 62 37 104 137 306 361 116 239 82 24 284 244 335 27 358 124 55 74 82 112 214 126 160 67 22 345 197 338 256 23 366 82 50 280 113 259 126 188 331 305 72 67 176 86 100 157 195 281 70 253 120 309 342 48 258 311 222 35 72 93 71 187 190 164 200 265 92 167 42 70 79 107 304 338 170 199 319 41 119 97 327 56 157 100 163 183 175 268 7 135 190 160 157 264 134 320 259 197 233 352 208 42 172 295 43 270 305 149 187 73 148 175 125 137 352 38 148 46 15 247 195 65 89 89 118 139 221 77 104 270 341 298 184 162 299 266 313 288 311 250 303 49 148 257 143 99 249 145 321 146 204 360 226 45 159 72 116 51 21 297 57 318 297 149 278 111 297 199 13 142 330 83 192 291 144 340 97 174 12 136 355 166 271 209 17 26 277 23 228 218 55 216 258 280 291 239 295 112 268 14 315 22 250 262 186 227 153 327 105 254 60 228 160 269 296 198 364 83 225 231 298 59 273 234 122 317 216 259 91 251 218 193 249 160 303 310 78 16 224 241 307 273 105 268 125 223 217 367 66 97 141 85 308 165 78 134 135 294 19 296 367 216 230 56 54 313 86 277 272 307 93 56 63 243 324 5 293 49 328 233 136 108 187 348 334 82 165 29 50 322 42 356 91 287 246 223 212 167 282 271 190 257 41 259 321 339 71 169 184 240 344 82 108 251 110 174 357 244 95 127 314 131 235 6 55 305 121 170 132 151 323 170 342 49 336 216 123 116 334 210 326 283 344 2 363 31 69 309 24 268 52 189 315 229 233 241 172 132 292 255 94 346 199 156 198 180 285 106 107 326 119 253 354 131 272 69 127 48 282 164 234 239 9 345 187 60 261 93 227 1 259 126 99 20 168 140 306 360 57 120 212 74 218 180 33 186 179 155 74 247 147 181 348 117 310 294 288 361 13 350 173 30 13 342 158 275 65 38 361 205 226 78 347 15 107 364 196 244 143 349 84 234 187 188 18 323 221 75 266 235 91 247 47 224 182 39 184 83 155 244 366 53 57 149 174 176 235 361 177 196 197 281 184 87 101 85 197 256 186 355 125 268 324 158 20 122 363 19 139 14 248 310 129 119 293 275 299 317 292 112 52 16 4 161 225 18 194 125 362 42 126 177 345 154 38 327 45 193 21 266 88 177 343 30 189 292 146 56 321 177 222 37 157 162 115 350 28 179 351 299 271 68 33 213 157 265 261 164 66 280 107 6 175 61 64 222 102 247 361 243 210 95 169 192 92 58 58 155 264 54 107 200 143 206 356 21 137 243 366 132 234 204 227 118 352 232 63 238 301 228 250 5 8 312 28 98 312 156 31 345 70 76 254 279 11 19 130 265 228 367 248 256 315 315 355 39 75 69 124 274 141 337 26 50 146 121 123 211 191 309 171 39 260 186 12 59 317 360 168 234 64 312 2 188 88 285 212 38 311 13 96 203 108 344 175 17 41 66 330 313 85 17 184 363 276 138 56 116 358 318 1 122 132 282 169 212 1 177 259 220 16 289 181 366 63 158 99 345 90 364 98 168 40 57 253 77 295 80 175 208 259 217 96 129 29 190 26 115 18 111 28 130 299 37 356 119 42 205 218 219 174 84 364 197 163 356 301 5 333 179 281 19 252 300 153 212 52 276 161 195 340 12 346 6 346 88 303 130 250 97 34 226 277 213 176 87 276 158 3 200 73 29 305 173 159 103 162 307 225 84 211 11 304 358 90 111 275 367 223 105 54 158 111 126 86 67 10 217 267 129 293 24 131 76 145 94 204 309 147 124 308 203 235 147 85 172 23 339 276 50 353 194 280 62 26 2 67 310 251 50 8 189 167 77 4 266 334 76 329 240 283 150 341 294 44 130 162 225 332 264 305 351 325 151 49 1 89 110 4 37 11 232 113 84 355 134 268 118 258 283 202 172 128 111 150 11 106 91 189 166 277 170 42 265 103 44 327 62 94 34 308 14 274 195 117 183 142 341 163 36 59 274 67 305 203 101 186 26 261 232 51 132 194 145 348 316 244 125 144 341 161 227 351 74 308 124 156 118 248 109 117 106
373
415
124
1384
1120
1199
1512
304
51
1761
958
1869
1022
758
1107
1244
1640
1593
54
736
958
481
359
378
753
703
1141
442
292
1152
1579
197
1158
1113
259
1905
507
1247
1683
1105
482
1339
735
628
1067
112
743
698
126
974
374
695
1308
1117
204
1884
42
605
250
989
648
621
510
1811
991
1873
1422
512
343
512
1493
1391
1302
271
306
1145
1794
1602
1335
533
184
1487
1084
854
180
1946
1013
378
1522
118
929
588
710
177
1981
1139
1629
214
1016
1114
573
869
846
1506
1883
1640
1296
46
1108
774
1717
1020
1764
1240
284
1111
555
543
1824
610
1875
708
1390
959
606
1112
1016
159
1306
768
1124
1348
99
1221
1404
814
1650
1134
538
1382
1514
1740
1564
236
230
443
1926
1094
1649
1251
113
839
1968
1263
1512
785
557
463
1681
1600
484
1733
51
1434
374
1935
372
1706
187
149
1938
725
1503
1251
424
1896
1244
269
692
462
1998
668
1572
157
735
1581
580
1045
1108
1118
759
455
609
1827
580
1958
1410
1340
1767
1349
1505
1835
148
1791
791
1098
1645
1822
205
1446
340
1473
1778
604
1163
1343
731
1638
1652
1525
1427
1939
1549
83
910
1465
1774
1356
620
872
997
71
1
1830
1709
1726
1935
1640
247
269
453
838
30
1472
1914
881
1332
366
1920
1415
1019
937
1844
1471
721
313
818
1252
1833
1158
1390
1498
625
1874
920
256
1989
1118
1542
194
1065
245
465
192
669
468
1808
901
889
1464
1368
1740
648
220
391
1052
323
1553
1478
889
888
850
236
64
383
1008
310
103
617
91
1922
1542
1727
1935
1755
1421
992
1204
1609
80
728
484
833
343
895
1570
1345
976
546
975
248
1802
1694
446
1059
1389
1518
702
1341
1007
158
1650
1018
1993
932
1813
790
949
1853
851
1651
510
1900
639
100
1626
1934
954
984
642
745
1059
1222
1941
721
977
317
940
1401
1211
770
1734
799
634
1522
659
724
1438
74
146
712
1519
1402
549
1994
1340
1942
432
42
1017
1160
1704
319
866
1381
69
1592
9
601
756
1377
1744
661
54
12
1889
1853
1684
1812
1695
7
1712
493
412
1757
1147
1091
1297
1143
1688
1897
1636
536
1181
427
1999
2
936
151
1120
407
1561
275
1387
38
797
137
887
477
1882
1174
17
1604
1244
1730
346
1727
1311
1144
1893
1378
1789
1674
969
1425
152
23
771
1716
1202
603
209
339
796
1901
1503
30
1473
1940
203
1745
1460
1076
1661
348
1149
1292
1357
1351
853
868
612
53
248
493
1607
700
1952
1050
435
386
1425
1192
1334
1114
1055
106
1839
665
242
886
1858
135
697
1659
130
943
1155
404
949
1814
1
31
1692
1012
501
1668
554
217
690
1389
346
45
1096
391
354
1432
1441
984
1544
488
1102
237
1916
701
1359
1333
626
1136
1218
1536
1729
480
1876
1498
1525
662
338
987
1463
1194
1272
1062
1366
777
1775
1766
1738
302
711
1686
1430
1466
604
947
1305
871
1308
809
447
566
1602
1689
1630
1375
741
863
1797
1571
1019
528
746
743
142
1589
792
1823
1246
1605
806
1464
1049
1024
1704
1687
194
856
1869
1732
1778
364
878
952
763
908
1037
1149
1157
1622
285
1887
1768
655
550
1355
1777
1967
837
184
1269
467
1050
1335
670
627
638
362
816
1911
313
55
630
1885
1621
10
1094
1122
943
1854
1309
858
539
856
1125
231
141
1068
1253
256
1659
1595
1628
1501
113
553
876
1083
1434
449
409
674
1216
1523
1904
11
699
1017
1934
1651
335
961
263
994
1086
1547
727
112
1884
114
505
1396
1320
316
860
752
104
425
107
144
916
274
494
1920
1947
1235
1815
1319
561
125
1148
1275
1888
1314
1871
1907
1535
598
468
278
996
897
444
608
1444
1334
1295
1144
147
1145
1555
1190
31
234
1357
485
1443
764
547
512
1504
1294
1728
281
924
428
1594
1996
845
835
1614
12
543
714
1170
249
1373
1364
1309
582
1543
1109
1432
82
328
1015
1788
1106
1322
1033
238
749
509
820
1428
1042
838
1427
1969
1580
136
1588
1972
846
1734
1898
1860
1386
1499
533
1269
327
1491
1033
438
1751
1499
1506
305
267
195
409
1707
464
939
1323
1392
278
1287
675
778
1494
525
1825
940
577
1453
1491
129
409
1272
439
1020
1058
37
1122
164
899
193
645
1879
831
988
1127
874
334
437
1069
717
556
218
1945
1312
1365
1996
1699
1042
786
392
538
1670
2000
591
1782
1032
644
342
284
82
1482
962
229
458
1865
953
719
1603
1548
1119
1563
111
1974
752
1291
572
1268
642
648
243
261
865
1846
496
1337
1115
567
387
1176
1783
35
1787
1538
1973
787
1568
1177
539
741
1559
1090
1927
326
1358
1286
1340
662
1406
853
584
1141
1047
1237
1129
167
1067
995
1588
377
14
499
2000
515
352
805
171
1800
321
1185
827
1555
1025
817
592
1902
781
1463
725
1338
1057
228
1700
466
529
1669
608
1024
1229
1344
728
1250
1531
926
1102
559
1178
1665
1110
124
1325
537
942
1812
1582
1321
29
1177
1566
1503
1062
1801
19
384
1506
597
928
1279
698
848
1365
1737
1215
1826
263
567
1287
425
1133
388
390
1898
1658
220
221
937
346
1210
54
73
253
714
395
105
311
1275
464
745
1677
1121
1489
657
1742
556
1172
1469
720
1582
1120
369
276
1524
694
1745
986
1714
192
824
436
125
1880
79
828
1989
541
268
189
484
1631
22
1239
457
1741
1002
1194
1747
996
1320
1407
713
755
1921
1987
1036
1099
1260
1728
1602
1210
1114
310
1537
805
1333
899
303
727
1995
1419
931
1818
765
444
1420
133
1713
301
1963
90
1715
464
586
534
747
370
898
447
1274
1173
1787
801
1541
154
562
864
673
1917
347
494
983
1036
1349
1364
1018
31
345
1505
369
1950
1888
981
906
1343
1606
1009
385
43
1711
1786
1226
1153
1786
1299
716
1927
382
312
1524
1500
1889
226
1835
226
422
1543
641
1503
63
1574
985
24
1347
1590
683
1393
1841
568
453
257
1880
1516
1829
885
188
1283
1627
59
1236
1385
689
419
1633
600
1711
709
707
1895
517
1757
1535
886
1397
859
735
504
1705
1355
369
370
1058
1617
1063
1821
1109
1675
245
1439
1977
546
1436
1188
800
102
1631
1379
1562
1897
1030
1239
895
75
1579
1010
1772
1766
1698
1252
757
1224
1090
491
1104
26
11
754
778
1762
418
604
696
48
251
1375
733
288
1598
1888
1915
953
19
1336
898
1975
1763
1960
663
1461
1642
1827
999
1599
1406
261
213
862
1145
37
85
1496
23
1679
1834
1997
948
1879
704
1113
1135
1503
909
964
63
187
990
293
293
684
1963
1081
1639
1529
633
539
782
1770
616
1004
1045
808
373
1854
1881
1821
699
308
40
489
593
585
579
1089
1442
1528
759
632
551
363
719
1156
71
1092
1796
1647
1893
1630
1271
671
1297
1325
1733
1931
1079
902
1339
1363
1436
545
811
450
390
32
1525
371
468
935
683
414
1388
763
1670
1562
1498
1475
1227
1295
1326
1460
720
909
157
1456
894
1956
1949
1254
528
1070
262
1849
89
1362
80
1352
1408
810
993
1548
989
1107
325
731
668
186
1440
948
1028
757
552
1378
120
2000
1723
483
599
1762
551
1218
1845
1816
995
1985
943
1852
1253
1239
812
342
81
971
1593
1744
1907
1703
1540
637
1750
1039
1255
637
1458
297
1894
778
226
608
64
282
681
1866
772
1103
863
1886
365
203
1795
1877
635
1644
1465
270
1611
534
865
385
1934
630
781
1958
1126
1866
917
864
978
775
1952
1603
1433
411
1213
1155
1536
658
1481
914
1490
1705
1245
1558
127
507
1378
50
1376
1675
1091
836
1971
1461
634
534
890
1109
1881
187
1935
1269
922
1169
612
1829
1353
149
400
931
283
1966
1696
939
623
1699
996
315
576
1158
311
916
1587
1285
498
255
256
1241
125
1694
542
530
43
944
1608
1828
454
269
1483
548
1825
525
1255
1857
905
1648
1585
58
1044
892
1197
393
1925
678
993
68
722
1585
248
1517
10
923
35
1668
496
1496
1969
122
385
1571
431
1986
119
1637
1374
1501
3
1643
1909
45
932
1829
1089
1405
1140
1666
434
224
1237
1837
315
137
360
675
1099
783
1678
293
390
389
877
335
242
1861
1453
651
873
965
175
1195
981
906
1785
575
98
330
116
1423
484
641
295
722
1685
1253
790
10
1809
1611
456
1156
346
1878
180
1952
1792
513
762
1093
1467
1203
1820
269
1601
1867
842
1761
658
675
1770
325
826
1723
94
808
1299
841
1330
198
807
873
906
1619
25
1885
1723
518
1056
500
1537
1114
187
1849
1951
1333
1573
1040
907
1281
1578
1725
1108
254
1591
665
1437
622
1099
279
608
330
1587
1982
513
48
284
34
1545
1567
7
1025
49
210
838
839
520
751
1554
941
1330
1895
747
1313
687
646
1915
1796
1279
87
639
925
1577
276
1095
1320
1273
1003
875
745
289
495
115
807
1459
177
1056
67
1529
472
83
722
406
1863
486
387
1214
4
943
889
1905
934
380
636
1950
1420
48
1402
1455
112
1857
829
1186
734
912
397
778
611
765
1025
1014
611
1716
1145
918
194
1656
1680
1185
1409
1541
413
1303
298
1907
1116
1732
44
1934
1038
1372
1556
1483
1387
1530
1036
1641
1388
158
429
1100
1870
1769
1182
1698
1093
1974
1196
1106
329
1038
1941
1902
978
219
881
1828
972
1165
755
1719
1111
1244
900
420
380
1101
1064
1492
190
1592
1782
1687
981
1422
1225
1041
1224
238
337
506
1977
820
227
1525
1455
1534
1971
775
211
2000
899
1801
1088
749
1356
1013
463
1234
1943
631
569
1841
1249
1330
1743
417
1889
1369
1279
926
550
1609
1371
1750
1424
1152
576
399
84
841
142
1664
537
664
1575
1691
601
240
561
1219
1529
1819
1685
1936
1253
204
1566
868
1781
1890
1819
1099
1051
526
993
1218
398
1663
813
1614
788
896
1917
338
1679
1560
682
1136
1579
666
58
689
1145
1570
602
487
145
828
1369
802
1262
1314
963
1880
649
335
303
247
1435
1125
1900
73
1139
1961
731
349
1286
1623
178
1864
1021
142
1908
647
1534
1349
1434
1962
1843
433
301
636
1730
5
1091
291
624
38
81
1812
913
342
305
1358
589
130
452
769
929
858
1906
18
1510
504
1208
64
225
1142
1834
1063
309
169
1717
726
185
922
280
1654
1384
1954
1245
725
1368
1383
977
768
342
1495
923
1201
1711
954
767
1567
1180
1683
168
229
1241
1655
680
41
967
1012
990
1678
915
1806
1199
41
1529
121
506
1902
1677
318
1925
884
432
1633
150
1158
1970
682
399
1530
1141
1985
68
7
1609
860
1671
1243
1198
38
1162
1589
