2000
1486 646 330 202 239 169 1572 1440 1325 327 890 1584 530 385 622 413 1319 1441 868 1456 945 1384 851 863 377 1566 748 632 1116 1359 677 1600 674 262 1462 1079 206 111 134 939 369 619 1098 772 1086 841 125 874 20 1693 654 1146 1348 226 381 1582 476 759 1191 646 1164 1530 863 424 293 1468 1443 1458 629 271 1494 1026 832 1087 1679 1316 1431 978 1365 1192 588 1057 1110 872 143 1542 1269 815 1697 321 848 543 1569 1453 54 926 851 136 752 570 1160 457 129 1500 574 242 358 361 1032 1197 1001 483 1292 226 1173 1224 1193 489 915 597 978 1696 503 1605 1076 658 145 1228 737 55 193 523 157 1077 666 329 1286 226 1356 438 528 122 218 1033 804 1146 705 1349 209 559 1159 283 440 1339 668 114 39 1201 1616 400 177 982 1024 1156 1501 298 1382 1396 246 739 681 801 909 1459 423 1235 734 180 272 849 993 557 1300 376 294 1507 98 1053 221 1685 387 1169 838 1649 1268 812 605 871 311 811 1350 1394 449 555 599 1464 1350 833 887 1582 468 427 629 1469 1564 497 1278 280 22 1585 1120 257 189 1157 633 416 728 1303 1315 1020 845 651 1038 1327 365 1177 1024 213 682 248 1662 316 398 1465 1360 1589 1680 667 1548 1338 187 637 1285 413 585 806 1033 32 437 849 1669 1153 765 122 1109 968 6 1164 1371 393 99 1247 870 915 1543 1005 1348 1089 1701 1007 1137 142 504 1513 1667 1290 19 119 366 1629 57 907 670 1530 143 848 1013 559 1061 609 1196 1212 1035 1223 175 530 773 19 44 1065 227 960 1303 487 1005 253 1230 834 1602 1202 1434 22 1002 114 1246 727 1348 1562 142 671 345 1410 953 145 1175 954 1684 1400 1471 162 775 704 230 1156 16 1222 1655 1426 1028 1594 762 959 1449 1522 1458 1144 897 601 1368 1323 618 17 981 303 97 126 94 640 11 1548 95 1125 1206 99 535 746 854 99 286 1322 368 338 415 910 1505 1299 1088 1620 803 581 855 89 557 1066 1414 518 1300 740 1090 425 1399 679 1366 1061 1292 1402 530 546 144 1671 357 403 1157 214 1703 422 199 703 911 1418 873 4 1450 1601 1254 1365 1407 927 61 309 1100 24 723 390 1376 1250 573 878 1539 555 25 786 143 42 1563 788 282 1365 787 485 39 1160 482 1176 1667 900 273 477 883 200 999 965 1624 300 194 1410 298 225 1126 46 1238 589 1087 278 1197 762 1040 1510 1152 989 980 1352 207 191 104 934 1354 838 1018 907 1674 1342 62 180 1522 1256 1352 424 1235 163 94 355 165 236 1073 835 1384 1310 877 56 277 1586 1383 1388 260 1219 374 1170 235 67 1459 1592 1592 716 1475 1358 41 957 556 1075 657 1560 1212 424 911 795 644 1632 222 1680 136 620 526 364 1672 1046 552 178 21 840 469 1029 839 777 1099 269 847 920 368 172 1427 878 1209 900 1230 385 1525 1274 1622 51 979 137 1523 91 499 129 806 448 503 1284 614 1511 1166 712 297 1653 1341 1195 823 1191 680 358 624 1611 618 570 1347 1236 1310 1362 1390 1465 1623 612 1011 489 996 381 1655 1182 1187 1433 1103 878 1048 936 800 512 1618 1101 1279 489 1460 1363 351 43 279 41 1371 189 571 1495 1464 1052 141 1333 906 419 1260 1375 339 1044 604 1406 1070 1012 1360 1223 119 1386 938 10 1412 1418 538 29 923 1410 1148 294 464 865 1475 1529 132 1211 1231 1072 382 1011 498 869 1684 860 1660 1130 1368 450 1377 272 1040 1055 133 729 219 293 324 975 1585 533 1472 1616 1388 1025 230 727 1552 2 126 1127 1692 810 1074 692 1179 426 1543 35 272 1597 131 738 417 346 983 248 700 628 1163 1001 1030 1337 96 705 911 971 1153 1007 1678 311 1000 871 1374 282 1366 1643 1378 468 356 29 512 986 693 1280 523 1633 1428 202 265 385 124 1606 4 1322 834 426 1483 1688 1578 1069 1068 1377 755 165 999 765 1689 1206 552 19 343 799 501 1405 1373 1379 991 741 1369 1382 344 1019 1646 192 707 1533 312 139 832 870 327 1168 360 809 744 667 1531 1432 576 350 1320 207 1353 103 236 477 1056 1405 470 855 364 458 335 772 1545 721 638 1394 1564 1644 64 1250 300 507 1051 614 681 550 1653 960 543 1205 940 213 713 1330 1077 131 208 1167 812 390 1268 361 638 331 1096 1171 371 208 363 1171 1521 887 381 1509 370 1473 1277 590 578 967 420 1 1678 554 392 449 1440 934 17 177 796 1635 524 996 428 1589 897 1469 182 436 1633 972 360 1054 1432 1523 410 1404 1473 538 88 1529 1315 500 1448 370 897 896 444 188 1253 1668 1340 1076 203 1301 464 1136 59 1416 506 1368 40 1408 598 476 1338 1555 64 1598 1446 1641 872 1625 556 114 712 695 723 409 1511 1546 1647 708 558 642 684 1217 1330 638 1632 1176 1651 1516 998 86 1408 1017 1184 623 606 206 1141 1222 759 1303 602 749 750 346 760 1669 34 256 298 594 767 439 424 910 417 199 1177 1455 1417 17 640 1065 999 337 759 1345 712 515 338 861 1535 318 601 128 1629 51 413 1576 217 1179 1172 1325 505 1183 1295 1670 1579 1671 968 1526 566 121 813 975 1445 221 245 1510 218 1387 1583 777 1687 387 1299 1349 65 380 1401 815 1357 1396 1093 285 1263 1356 1306 1440 1271 707 1642 787 354 1364 321 366 154 448 1520 728 549 1433 1496 95 284 507 430 183 593 633 1204 57 303 752 1110 1231 107 796 960 1342 495 950 1132 119 342 1006 1021 1457 615 1162 73 436 562 1350 1643 3 250 569 1518 651 517 1131 154 1302 164 628 466 860 964 373 916 909 1085 659 875 1537 156 1276 1002 1526 1623 114 183 468 250 1066 918 1444 152 770 648 649 723 227 1484 1196 951 413 824 684 1020 814 936 889 169 327 1252 1141 484 457 124 1521 213 1331 857 591 437 1029 1659 1317 1031 1086 1010 1480 829 952 1184 562 61 1052 1580 15 1562 589 1247 238 1624 1562 238 831 1142 650 726 1143 1013 471 195 1519 266 1219 1045 1551 1323 84 668 687 376 1372 1690 1424 781 767 49 463 438 296 314 1658 1391 609 729 423 255 1093 1009 1172 396 48 76 1442 100 1238 739 815 1556 109 16 750 1020 1009 589 893 1372 1602 265 1419 949 1315 1308 597 47 1262 711 1415 1546 385 208 1571 364 975 409 1402 508 609 186 953 234 870 144 1280 1383 848 1027 1112 632 229 313 1246 835 1043 713 302 983 1512 565 722 626 544 1217 1674 483 1644 273 450 65 52 609 19 1133 1644 1278 1126 1559 1652 866 1211 31 1126 1450 1633 1006 1707 1085 661 672 641 225 707 795 764 370 699 664 1179 1692 788 1078 1231 1344 923 367 742 306 1244 981 120 613 475 931 74 1034 379 939 263 1438 9 174 301 1233 14 780 984 706 1056 1310 128 1356 1252 1268 324 593 199 641 574 770 1228 949 569 185 1448 1264 875 1103 983 78 361 338 1492 1604 110 462 758 1312 745 745 1322 1352 1398 1024 9 445 34 882 1258 1077 886 1343 766 6 906 762 1031 796 344 854 97 1389 662 18 555 1558 542 251 1591 1688 1031 405 1174 1457 1489 311 162 1708 1447 161 1603 142 241 1561 1328 848 1093 326 1441 1552 1451 120 1453 1078 1193 1350 761 224 986 585 1601 524 554 157 971 933 375 1216 1624 899 972 508 702 319 87 931 1378 1298 835 1046 626 1350 818 1023 552 1498 1532 995 1381 1236 306 525 117 54 997 1123 779 1133 80 1688 1478 563 1555 953 928 814 43 376 320 578 1700 290 135 1631 142 1151 1222 271 1629 743 1634 297 886 60 35 1336 942 211 671 691 832 1232 810 6 457 931 655 1168 761 264 743 885 705 749 1151 1248 1515 1701 639 327 1013 122 1699 248 1057 320 508 325 1577 359 323 791 10 576 341 1227 1089 290 1264 970 314 1107 96 1096 888 1147 1163 657 210 1259 790 279 616 846 163 96 626 747 792 1482 256 431 1334 450 69 1022 1491 739 392 1100 1598 1170 1232 396 53 1364 1482 1190 505 935 1267 1113 927 1422 793 358 1156 1117 684 533 182 492 1112 1612 1269 1242 503 964 663 694 383 1565 1491 1279 1303 578 1297 55 405 1573 1184 1475 1665 227 1550 570 1153 173 303 1685 188 1537 1202 962 1142 1695 785 1327 139 348 1300 147 917 962 333 1387 1225 729 1452 1360 317 299 1636 1257 1205 848 1105 903 1415 1118 602 1375 1111 170 638 336 144 1563 978 533 181 1645 700 192 1562 442 1375 1058 1456 463 1286 102 675 776 1220 1339 189 538 1222 591 699 437 1264 1064 1031 474 1459 967 1005 53 1271 158 1320 219 813 1626 931 997 161 508 1601 374 326 1372 356 1240 146 224 1597 1619 547 680 84 124 1046 932 1354 1367 408 231 1151 970 1694 781 470 148 1046 185 30 1417 479 1020 1113 510 957 1089 1654 254 1275 694 695 1577 820 972 82 797 1691 1186 892 1409 1033 1047 1127 1525 603 610 876 287 1359 1586 631 683 260 988 644 609 976 1668 833 22 487 1491 7 557 418 140 524 565 570 734 1260 1456 111 52 628 452 705 1706 68 902 1481 5 399 655 586 795 1508 546 452 1606 382 1135 1396 720 159 417 129 502 149 201 1100 1191 444 1024 350 47 1198 1194 44 485 1520 783 1048 67 658 1088 534 425 1687 637 1448 957 1688 604 636 1583 218 537 1696 1705 683 200 129 441 491 641 1123 400 836 599 1356 254 1657 247 1694 502 458 1386 1455 1175 734 302 903 330 816 940 83 20 289 1256 166 1699 798 1152 1568 1224 1028 1100 277 523 942 1420 427 1685 24 1698 1064 96 229 86 454 1663 972 638 539 1706 154 845 25 658 75 456 1608 224 1256 364 244 915 1437 868 701 1699 943 41 1585 344 50 1133 1008 1685 1707 1488 331 138 325 476 279 1136 1366 141 415 1229 1662 977 1218 178 1234 361 1380 1694 467 679 1296 30 986 1002 768 1131 1337 1127 1388 315 93 174 1659 755 1600 287 10 73 342 488 718 1380 935 1557 626 1021 493 1344 99 144 960 1275 1677 691 16 467 1052 1161 1595 345 1318 747 914 1099 115 853 1187 1611 419 1097 334 1105 1403 995 497 690 1272 1453 710 715 1162 406 473 349 1382
1353
1520
1091
258
96
1259
354
540
1336
1
1
540
540
650
1294
1323
418
1
1
1
1104
979
534
1
1957
1497
1
1357
683
258
96
1
1
787
1353
505
1395
1974
1826
1136
1
1
574
1
683
436
1338
1556
367
1
923
1
1957
1
221
354
272
530
1076
1461
1
759
1848
395
851
787
723
1174
466
1
534
1171
979
1806
230
830
1528
1249
535
771
1
1353
1606
1
1
1
710
1172
1569
1271
949
1
1
386
787
1
1
1
1957
1353
1387
868
98
1530
1774
1
1957
1
279
134
1457
1
1
1738
1353
402
1848
787
1
1
1377
644
787
1
220
662
1933
1
386
288
1
1
1957
1838
1414
832
1457
1247
683
937
842
547
50
853
245
1
888
1
1
1957
1
1034
1294
1466
912
894
603
1738
1
194
699
1
1
1
1636
1957
1334
1957
1738
1921
547
1
1080
1
134
787
1118
1
724
110
275
1
1722
1
1353
1
1
1435
1442
1
1
1
1
395
164
548
1283
451
134
1
894
487
312
245
1738
1
1767
220
1
837
1
894
1957
404
787
644
1
1957
258
1
1
130
1957
1575
653
1
723
1
1
1
366
1
1416
1
787
1155
1957
873
110
1
1
830
1
1
1078
505
1
44
1240
1772
354
1
1957
1
720
544
787
894
1957
547
873
1338
793
1957
1
1
505
1957
1843
1717
1
64
1520
710
787
164
1
1957
1353
1
1312
1
32
1403
449
272
1
1
894
1081
1428
856
1738
1037
864
1
1238
98
1477
1756
787
201
832
1922
979
134
625
910
1576
270
1
1
98
540
1957
865
1
1067
148
62
1692
1
1895
258
427
1948
134
418
604
1099
1457
701
791
1
875
948
584
1377
1173
1
1174
191
1247
1
1
1512
540
1
449
1957
1793
1
1
787
1569
1
286
1949
1
1294
1957
540
1
1
1957
272
1264
793
1957
311
979
167
1
1
245
1357
1353
540
1
815
1
272
418
1
1
1
1
774
1323
1
1
1957
1863
787
1408
787
515
1
894
1572
1
1
683
911
505
1
1
245
1497
1177
1
1474
1335
771
757
1
1
541
1978
1814
1
245
1
1677
1
1826
1
644
1343
1
787
216
1
1957
1
585
725
1
1738
1738
1
640
1457
1
1793
1572
1656
1
100
42
1
731
979
260
979
1886
1461
1
1
1442
261
1957
818
354
1754
1208
200
787
364
1
1575
1793
167
1264
1
1
1373
1626
1
333
644
221
601
57
1957
418
1435
1
540
1305
1512
1346
1368
230
1
1
813
725
1826
1291
605
119
1
62
281
733
1
1
1457
350
1
1
427
98
1123
1
949
1852
98
787
427
1823
1316
868
1243
1
1
62
1738
1
1262
1957
272
100
1655
685
1
908
1
409
1080
710
1
1686
1
1
1974
1738
437
418
873
1
1380
211
787
1
547
1
1
395
1995
1047
444
1
158
166
1738
1520
1643
1632
1
725
793
1962
1
375
894
1
1
1
442
505
386
1863
291
1385
1
1081
1
818
1
1719
1118
1
1208
245
868
1060
1
579
1306
1
818
98
949
1
1080
1
863
1
1
1
701
1
1
560
1
864
1
272
793
1538
53
1
1738
787
1854
1604
1902
1172
117
1477
721
1473
1173
680
1
1
1
1
386
979
1957
1274
1848
1
1
1974
134
1
258
245
671
683
1637
1155
311
98
1680
1
1457
1
868
787
1774
1
823
1957
1
1
1
1654
787
465
908
1565
1
1
1
1413
1
1173
839
1848
1
1
1957
978
175
787
737
547
607
1575
1
787
266
644
793
787
979
1797
270
832
351
1991
1243
258
1156
1548
1165
26
1738
229
736
221
1757
1
1
873
787
787
1294
1
1
98
699
98
1203
1616
1
439
1353
418
386
540
1
941
1353
1
1164
1155
1957
1
856
868
793
1
918
1037
1141
787
1
66
1
272
832
1
1761
409
1176
245
1738
1
1716
1
1
1
830
1384
787
708
1
1761
393
272
1719
1792
364
6
1664
949
612
1401
1
1
176
683
98
1
1548
1
1353
1
1
1353
1848
646
1
74
1115
1271
1
258
1816
1792
1826
1633
380
1306
1738
512
141
1
945
1637
1826
1
685
1173
444
1353
1
1080
1
28
62
1777
540
1123
1
894
1
452
1578
1
1173
1
1957
1
1173
979
1
1
1
1373
759
1067
236
1
241
1738
98
699
261
720
1457
683
1
701
1
699
1
1
1895
401
1957
1
1738
640
1
540
1379
409
1556
1738
787
911
1027
1
1711
1
547
1
1556
261
1
1353
431
1867
540
1735
787
98
1233
1023
540
787
842
1
1
258
979
759
764
1306
725
295
1
744
1912
644
158
868
1
1668
614
111
1
1
389
1370
1463
888
1306
60
1806
1
272
1
1
1165
1
1
504
74
540
1835
1
1
910
1
1247
1395
1
679
1957
793
1173
1992
338
1578
649
245
1277
793
1257
245
1156
665
1173
759
1672
1
1957
1
1034
1
1
759
540
1712
1353
1
153
201
1974
1
32
1
1880
1
1
1
1171
1
1457
261
1
1306
540
215
873
1
1741
464
894
540
1173
1778
62
1458
1436
1957
404
1
912
134
540
366
1141
1
496
1353
168
626
98
400
682
1713
1046
699
787
1686
480
1957
1826
787
1
404
50
474
865
1
615
1
1957
803
1
1457
979
1353
872
1957
1
1
272
1622
1913
1
740
1848
1
338
44
1457
661
1
1
1695
1060
1220
1171
579
464
1457
1
665
787
1
245
1
1577
548
1850
1457
1081
1096
1957
1
668
1
1
1502
98
987
1
1774
1353
1432
1240
1
1
1515
1156
1
683
1
1353
1959
837
908
1
1037
979
1962
1173
98
1
1
1334
1001
1738
409
355
460
774
1638
1510
159
1
1220
1
1
1457
1
1353
151
74
892
787
1353
1828
1
547
1429
701
1957
1
1461
1473
1353
62
1271
445
396
839
682
725
1
1
818
1693
125
1
1774
1156
1335
540
62
1522
134
774
1693
1
1370
1792
910
134
1
1
1
1
1
699
1
1
1675
503
787
1
568
786
1
1
832
1218
1853
404
1
1974
1957
1470
1
147
1024
1738
1
1957
427
1
1
1826
299
725
1335
1
1
1353
1750
318
1
1271
354
1
547
787
76
1
793
1741
1240
418
1955
1
1398
1840
1455
793
574
1
259
1430
1
1218
878
1738
1957
258
1218
1738
753
1
1
1933
134
64
306
1
1957
280
987
1126
725
670
1
1951
245
42
1513
1206
1933
1738
1833
111
1
1
96
699
979
774
818
1767
1
979
1
1104
824
787
1567
1
1173
1
1
612
1
1408
1
1089
1458
818
24
1
1
1738
1060
1801
1220
949
828
793
1
1071
979
1
1384
1290
603
1874
886
593
1472
1513
98
1
449
922
1
1
540
1
994
1
1
134
1238
753
1099
427
1
1
742
1
1
512
258
1
1
1
1853
1442
1957
251
500
1
41
1957
787
277
1368
1
787
1335
1424
508
354
1395
1
926
1353
440
1485
373
1738
873
1957
821
1
1
1777
1826
1962
427
1
1173
1
342
1
540
1
1957
1702
1
1
1
1283
1274
1368
1
1473
53
1792
1957
1826
98
1
1
753
61
1
1457
548
1
1
753
1
1992
1
1
1935
1401
1
1334
894
1
230
1
1548
1556
1
1
1
1957
1353
1
1754
1
1
1578
1332
894
1
1
1
1579
771
1633
608
875
787
1
1
1370
1775
540
100
607
660
465
1126
1081
1826
1792
1
1
787
1
894
293
534
272
1
1
1
1957
636
1
875
540
850
1738
1826
1
1
1
894
22
151
1909
504
1
1
98
89
1
1658
699
1846
1846
607
1413
1
1
100
683
865
381
1457
779
1
1
1
1173
1
793
1856
859
1133
1
1110
725
1
1
98
1
1
1
1370
1
1944
1
1686
167
1777
1738
1
100
979
990
1528
1
1381
1716
1
1
1
1645
1726
644
910
1
1
956
564
1774
1848
1
1826
1442
1792
1
1738
1247
1
1
1
1850
1
220
832
62
540
1
1747
868
1
1
1
1482
1
1
839
1274
1
701
1738
787
1
1
1850
1380
1294
1957
894
1
1334
759
1
651
1
1176
357
1403
1550
13
1482
427
1076
436
412
1290
1164
53
1683
1
1826
1
1
547
1283
1
505
1564
787
1
1848
652
1558
1957
245
98
1
32
787
1
413
272
505
1353
455
258
1470
1522
1738
759
682
1
258
710
1
1777
960
873
1172
787
1557
1387
1178
1166
1957
1071
1957
1255
979
1
1957
1
1
1814
540
504
1
1
625
74
1809
1
1957
1279
710
1
1
987
894
1521
1429
622
787
221
1636
1
1
248
1
1
1767
1309
512
1353
1849
1
1957
1274
1
665
1
1231
1
1562
1
1
548
1929
1
540
699
759
1
1
230
1957
1
354
163
1785
979
28
1
440
1353
979
682
1528
714
642
540
1
1155
1482
1056
258
1
547
1
1884
787
1
1
1564
679
98
1384
1
1
1037
1457
346
1957
1838
540
683
598
979
1
999
787
1
1957
1957
1801
1353
1247
1332
540
871
1863
76
1738
1729
832
1
354
1457
1
1823
1081
894
894
280
559
953
699
1801
793
164
395
1
1
683
24
1
245
1140
1974
147
418
672
979
644
1172
1597
659
541
227
1
1
1
1846
1767
1
418
1
1
999
1
868
479
644
1
508
261
759
1
574
1
1957
787
1
1783
568
1
644
452
1
1136
1442
354
1055
1
1
222
418
1
1
1848
994
1
1
1
1957
1957
839
1
1
1210
1173
910
1548
1
682
919
979
1083
1957
1
1
1450
313
366
1060
1
1522
1
823
725
787
644
683
1
210
774
1173
1
1497
272
1457
957
1930
1747
1466
1357
1457
1
464
1957
266
1
734
1
1483
1792
103
1
1
62
1206
1
1957
1
1863
1294
1
298
1738
1156
1466
1838
1957
427
1
1957
1846
1457
1636
382
894
978
821
221
1
1
1738
1522
1482
1403
1
708
547
1306
1957
196
239
418
1457
1783
1060
1957
646
1801
504
1693
701
990
614
793
1
649
1
1642
613
1582
979
1370
1105
380
1
1738
1
1957
787
1173
1957
1
1
286
1
134
1395
832
1
342
1176
815
192
1
1457
319
583
1
1
281
540
1
1
272
1482
725
1283
1
