1998
547 479 394 534 545 273 557 645 419 225 102 257 641 357 504 300 320 14 257 423 108 503 138 365 554 142 384 21 630 112 84 416 108 227 577 635 474 509 430 192 480 271 493 609 535 623 330 11 57 193 604 149 199 126 141 267 450 438 386 170 276 183 307 392 22 232 454 100 519 253 83 372 600 232 130 76 651 95 333 514 644 331 637 541 538 496 410 189 365 317 293 552 262 425 595 620 310 650 74 372 184 171 376 216 621 90 4 392 38 49 133 196 443 251 315 11 286 620 147 491 567 237 350 229 532 24 85 344 197 276 73 315 68 435 166 87 172 517 209 100 479 485 316 408 549 660 301 416 406 283 169 316 345 667 201 272 260 598 446 578 17 507 91 513 240 357 342 253 359 469 554 404 311 453 275 519 259 88 237 377 91 291 297 434 583 210 154 131 385 433 645 219 214 197 518 164 490 574 127 119 446 108 655 337 407 244 16 630 613 224 107 37 510 524 220 360 506 134 1 50 243 355 440 389 423 374 471 56 309 605 39 278 266 79 396 539 571 640 279 345 395 301 626 390 612 40 37 201 186 9 390 70 270 442 213 352 315 538 504 29 288 67 327 306 202 196 635 13 128 130 156 286 23 200 57 26 302 82 370 310 20 81 426 84 39 63 511 501 520 233 358 184 415 378 483 91 393 277 605 234 80 641 341 400 464 177 317 46 115 542 363 535 284 576 479 280 496 653 599 664 606 533 322 114 607 223 214 530 594 459 15 302 405 157 48 81 292 644 140 260 319 543 124 468 66 548 99 546 119 303 320 391 27 50 22 24 401 570 535 55 601 568 470 541 95 633 169 370 497 105 53 116 2 354 234 654 527 119 171 259 347 190 355 268 564 473 503 646 620 180 96 28 364 445 306 631 381 450 238 46 601 371 272 622 491 135 279 278 415 466 661 282 512 419 204 516 176 434 586 559 86 444 349 208 492 558 544 663 55 350 537 62 96 49 61 611 136 235 230 308 612 388 469 398 649 16 500 463 313 354 106 529 282 500 160 309 256 129 353 221 69 557 60 255 447 360 366 231 326 30 60 565 32 94 567 477 340 338 366 615 228 527 45 487 447 47 31 465 312 657 247 211 469 263 227 239 299 515 451 285 352 323 560 4 655 427 184 448 639 518 565 267 651 664 637 643 203 646 381 388 237 226 339 173 208 641 435 192 357 55 249 659 59 658 90 536 333 343 597 484 207 293 139 453 145 190 147 437 460 612 436 367 20 459 75 6 570 502 74 61 341 304 521 185 606 137 264 452 520 405 338 201 195 583 180 325 572 668 28 82 99 520 584 354 238 582 304 605 311 455 533 256 397 170 206 262 592 6 626 666 361 657 544 467 449 68 33 435 475 319 529 292 57 353 550 433 376 663 589 266 259 437 588 395 221 553 617 441 559 197 428 668 630 554 63 282 412 572 531 152 72 222 511 309 140 629 555 646 113 255 207 509 639 153 269 225 628 252 12 525 185 610 514 409 132 175 178 314 262 224 599 300 580 434 445 651 400 349 617 666 599 127 128 182 244 257 235 540 433 629 619 488 463 640 111 251 296 462 42 141 5 215 293 246 576 411 456 553 664 649 249 440 92 189 489 8 551 187 24 566 313 493 563 148 425 303 480 442 485 588 565 356 163 162 431 383 36 580 188 483 617 653 297 513 647 461 349 246 406 369 402 332 165 417 639 78 64 200 42 573 352 250 606 247 228 468 162 399 428 169 452 454 318 351 561 367 476 359 618 56 392 287 396 216 253 156 88 39 246 423 429 424 391 135 623 244 110 212 220 601 562 528 166 367 132 287 530 611 430 286 45 34 291 28 85 496 540 401 143 347 158 507 170 445 181 472 78 624 562 252 579 512 501 294 116 519 430 570 643 157 281 2 43 330 571 64 226 348 591 289 125 144 209 371 481 292 667 277 439 521 478 500 571 263 182 178 473 328 572 280 658 577 258 226 114 334 480 261 647 470 288 21 342 439 14 18 508 15 558 575 657 456 125 44 652 205 59 300 155 207 558 534 426 561 481 499 503 138 305 493 654 566 265 383 232 598 212 436 98 536 268 285 180 25 440 564 482 307 555 407 128 161 137 355 457 103 418 113 101 371 325 579 23 462 437 422 661 545 198 109 47 312 372 287 187 206 379 67 652 402 627 179 389 175 86 115 344 483 594 517 449 489 539 427 449 294 465 231 173 270 394 499 455 577 254 527 217 552 258 380 466 414 339 422 101 591 478 531 385 458 438 402 258 18 38 455 659 413 294 96 274 63 559 537 284 659 468 273 104 557 528 546 561 6 604 373 584 393 419 353 541 200 303 141 176 212 268 521 120 442 660 221 251 308 542 138 167 498 336 52 98 19 60 264 188 457 629 471 179 579 409 466 608 103 202 656 245 231 475 596 458 522 270 616 191 208 595 382 642 426 593 69 343 420 155 510 151 163 314 229 35 441 93 358 53 461 603 69 159 387 410 531 26 79 143 621 609 4 382 136 662 401 550 241 540 58 491 546 384 173 94 508 31 249 506 628 627 543 523 105 549 124 327 61 337 127 613 336 607 592 210 593 152 637 467 150 597 421 273 25 424 43 62 484 602 10 453 44 174 610 492 385 486 549 591 20 165 316 98 213 104 418 157 42 299 494 186 342 174 573 616 27 582 198 522 120 510 504 106 51 158 27 429 524 52 586 291 643 248 619 603 33 151 421 215 280 420 265 460 16 590 447 590 260 472 635 107 332 410 581 8 269 413 399 532 120 72 320 26 37 112 448 285 412 330 548 660 515 322 340 595 526 100 476 563 2 158 421 414 580 51 36 452 77 375 265 431 101 364 471 404 460 511 43 85 325 263 181 145 622 44 58 567 656 283 93 387 161 628 362 275 172 329 625 356 109 564 123 638 368 102 661 54 298 645 217 632 417 622 407 32 662 362 202 228 321 199 668 587 523 568 64 344 89 636 569 596 30 331 474 276 41 380 473 334 391 155 166 290 110 642 230 482 80 67 164 336 321 140 305 386 590 240 569 97 470 552 411 398 97 346 323 118 160 508 578 379 122 242 153 427 271 54 87 214 636 350 488 346 619 146 444 274 585 111 40 189 121 227 573 130 523 312 331 319 104 3 551 502 461 498 534 432 313 585 183 116 380 556 225 135 194 8 399 524 40 310 566 600 359 236 368 235 544 505 80 348 5 358 633 345 662 625 1 618 79 117 81 139 126 575 583 478 203 405 322 48 277 562 97 418 297 648 464 373 333 73 485 51 50 648 298 378 168 594 334 144 626 563 446 74 644 171 11 290 528 360 17 70 457 304 261 34 220 578 19 206 366 131 497 198 65 167 381 102 640 649 522 195 78 556 199 593 329 505 632 467 118 1 415 393 25 222 45 614 76 148 600 88 548 475 14 154 369 364 242 607 574 9 424 365 517 105 143 241 159 631 488 195 29 621 614 555 264 348 634 560 398 22 602 295 324 326 239 112 373 203 584 428 145 87 35 384 110 665 94 144 400 397 236 324 161 587 332 82 118 177 52 321 648 666 634 537 429 525 15 218 71 653 131 190 31 581 281 113 66 569 123 604 12 205 530 532 290 463 560 481 655 289 383 490 18 624 38 631 525 49 506 76 75 667 650 3 168 281 188 185 512 516 142 382 243 495 267 431 219 603 406 86 222 361 326 239 416 30 610 223 77 516 41 132 68 133 139 191 177 652 248 518 298 329 351 335 465 408 245 72 363 526 164 12 33 638 193 377 123 586 111 122 425 529 159 34 238 254 248 223 89 361 486 48 625 106 574 374 451 386 665 581 490 432 501 633 93 306 163 341 613 147 283 233 124 54 337 83 396 632 439 318 507 17 351 448 301 247 636 142 192 241 275 377 134 638 250 210 71 5 150 204 133 56 575 7 502 404 254 390 136 328 179 615 477 608 62 328 272 129 509 477 408 296 218 29 160 176 53 211 403 497 474 36 411 634 137 174 538 209 589 271 234 156 153 550 484 162 23 543 338 305 443 299 19 346 236 545 539 587 370 295 73 476 75 261 205 115 245 324 295 7 389 150 114 129 149 168 642 255 494 412 395 413 182 154 256 211 482 374 10 533 340 450 597 149 95 403 89 551 122 388 266 444 588 167 183 148 397 274 438 126 513 65 602 125 495 582 229 663 308 70 515 311 250 41 92 487 302 187 422 13 314 495 451 121 191 536 279 318 498 489 514 288 213 186 317 233 178 363 596 624 609 289 362 3 556 7 47 456 215 216 464 656 611 10 443 219 151 13 376 146 172 647 368 278 459 71 194 35 542 658 492 99 121 65 327 462 526 323 58 84 420 59 269 194 196 650 378 307 224 77 387 21 343 436 441 494 165 623 598 665 240 608 553 90 152 218 486 454 458 403 46 487 568 109 417 117 576 175 107 103 589 83 252 614 499 409 9 379 356 432 335 117 347 592 66 243 585 181 204 616 32 472 242 505 92 134 339 627 335 146 615 296 230 654 394 217 193 414 618
1453
206
665
1810
1968
1083
420
143
1460
72
742
1240
892
817
267
901
1002
1579
1073
1314
767
478
1919
237
1337
1299
436
1765
138
1024
74
1678
1318
1333
1556
1081
183
61
1232
1278
1894
1668
1527
937
1404
1560
1092
487
220
96
1822
1818
1362
618
1538
158
315
814
931
1353
998
1620
1786
801
575
753
1611
1350
506
601
1837
121
923
374
1010
255
90
580
1998
70
1649
611
1506
565
1875
887
274
31
1254
1276
1274
675
1922
266
1077
1267
243
946
1011
533
1532
1915
1753
1703
277
1670
236
936
175
1815
1022
875
833
854
628
623
1241
1865
612
1967
1394
1637
848
124
1888
459
1136
676
1498
621
402
18
1037
347
419
781
1683
1684
154
294
654
473
1536
43
1215
24
66
1730
1197
21
1980
476
1954
495
882
305
770
1574
413
1456
643
745
1569
285
1887
1812
974
27
780
863
416
711
1845
1068
1440
1478
386
449
697
1901
1075
1433
1992
1114
561
1897
1825
1269
363
629
1941
262
513
25
576
522
499
1229
338
1193
1826
1503
1716
1250
562
1369
1179
1426
720
969
1857
505
850
497
1435
364
194
1227
496
1689
797
1
1272
253
40
1588
557
1365
1344
247
713
1133
1259
340
640
554
1644
903
1749
1219
1521
603
523
1265
1260
718
1379
1990
855
1986
131
1700
1895
669
395
940
763
1115
1185
680
1939
1937
1391
145
1118
474
690
1773
584
281
730
1705
1750
1123
1137
1212
1974
1326
494
1329
406
4
598
1230
1089
310
312
1665
83
1126
1921
463
1885
1533
879
1920
1552
1587
204
610
477
687
207
379
132
1929
299
54
1352
756
1172
650
1759
1926
1767
1701
1246
1382
1770
841
952
1100
798
1646
1831
958
342
292
14
1855
465
568
85
1449
794
1880
168
1258
1444
1295
1710
1494
120
886
1377
704
1256
1462
804
426
1916
694
1633
1439
1205
992
1396
1441
951
1339
1454
591
1609
1874
849
33
793
498
772
69
19
58
1148
1704
1297
242
81
1505
467
1418
1424
1330
1110
1327
1658
734
30
95
803
1014
1174
660
410
1868
823
1873
916
1621
230
645
1079
1931
270
337
616
283
1854
471
872
928
1038
546
152
1434
1903
1534
1332
1461
1976
460
1798
766
607
1983
1928
736
551
1886
326
1623
1479
431
1720
637
1526
1804
869
547
140
127
1181
1731
662
975
1351
755
279
1889
1248
883
334
860
653
1568
327
1059
1958
1952
1436
532
538
802
1186
1342
333
409
633
1549
1774
1021
1504
133
1925
957
160
677
712
293
1737
1019
1714
1994
1702
1211
1472
1768
733
1055
455
378
1508
228
424
1635
1323
870
53
1187
55
264
1624
1291
725
642
383
897
1965
1576
634
811
1349
1872
300
452
361
1149
1545
1177
1074
721
726
1071
1748
1202
1820
921
508
707
486
1648
816
16
1985
1856
1445
278
1044
691
400
890
1694
280
586
1334
1499
920
185
893
815
919
831
1465
166
181
1953
62
1252
994
1809
1413
1943
1343
309
1584
254
1257
710
1721
1253
223
34
481
1719
135
964
1674
357
699
1586
748
180
542
1204
1109
1025
106
1316
531
740
1383
962
286
269
1540
394
537
1286
1414
1969
458
1354
914
1561
1236
1512
930
384
787
8
840
1107
1582
1311
1669
1346
698
918
1728
1914
479
574
715
1101
323
429
50
1421
1374
77
1336
818
1159
845
1860
563
376
399
524
564
430
558
1908
193
939
881
1800
1231
1755
1039
1431
1442
331
10
1771
159
500
837
1203
1723
1795
265
779
1046
1292
229
1622
843
824
912
1310
36
1687
439
991
1170
1210
344
1996
1393
1129
276
615
1438
1471
318
577
760
880
261
1519
1497
368
1429
365
1692
273
1870
1443
1847
1268
377
1093
114
369
761
1592
530
375
971
1199
1
1513
758
1158
514
1056
282
702
1736
104
695
1591
834
1222
776
1562
1626
1772
972
483
1489
1647
706
1833
1027
1469
59
1287
647
1664
373
997
1306
1162
1340
1017
1043
111
313
1627
1853
1294
1971
888
447
866
1655
1451
949
1695
170
1615
200
1386
405
1762
1029
1660
202
1487
1936
233
503
65
942
1787
1119
155
358
973
1909
1214
1530
1361
553
1324
212
696
980
1735
1182
1242
190
768
587
136
472
1781
339
708
649
1911
1060
411
871
1777
1672
130
1832
3
1423
1864
759
614
290
1180
1997
148
701
109
1263
683
1062
117
749
862
423
1942
39
954
1581
45
1945
12
1345
1321
1834
401
1766
1247
1001
1711
1411
1904
667
1033
239
1629
681
693
961
1518
1331
1935
44
754
1907
521
165
1882
509
330
1076
858
221
1877
1020
585
853
1722
1816
15
350
1036
1388
932
774
189
1819
1571
808
865
122
960
1898
1098
484
210
1457
1754
807
1595
636
1028
1422
672
1216
983
1732
670
1641
902
1539
1176
549
1775
571
597
1375
1496
1675
1524
1548
390
367
731
1051
134
1546
437
700
1328
1681
1
1085
1151
26
224
673
1113
1978
1040
1554
1153
197
291
1035
555
1806
666
782
71
663
1432
1517
1927
241
1130
659
1793
1616
1373
534
336
1155
156
1688
1501
1097
977
778
1918
644
625
1839
199
929
101
451
1510
1271
1143
222
346
1752
1088
29
652
150
796
1262
968
927
1528
147
48
1066
259
398
35
1863
1000
325
1610
965
1280
1120
1550
1836
141
1201
1188
103
1064
295
317
520
1577
1573
773
668
1395
1844
1255
86
1117
1285
1491
1932
1585
1208
355
950
389
366
91
1207
1168
362
76
144
552
428
1054
511
1738
1940
1218
192
1981
1239
288
1243
502
1778
1502
1852
388
1910
608
1070
1466
1625
385
432
1871
1666
1410
806
23
984
1851
1601
1131
592
1141
208
178
275
1559
1905
1275
541
1163
1662
112
491
216
1392
1745
1016
440
1245
590
203
526
895
1264
1417
724
240
790
657
836
909
1244
1007
1476
1041
1355
979
209
393
32
1363
1605
94
764
52
174
1249
1828
92
1380
110
856
913
1270
38
98
1082
619
1676
84
1233
1654
822
1371
1947
722
1283
795
1234
1366
1103
1104
648
306
79
303
1739
1617
1671
1797
1221
1200
1319
732
335
353
161
188
1950
1308
1387
1183
453
1785
1065
1495
545
381
910
421
1594
1650
1301
527
596
1399
1094
258
1570
316
1402
480
684
948
1481
651
238
51
370
1578
1564
1598
688
1178
1511
1005
1486
1261
1599
425
559
1645
800
989
1966
777
1300
302
82
482
139
1459
819
1843
1783
314
1213
1956
1890
149
1121
1455
1322
1122
1108
320
786
442
9
1846
752
123
889
1698
955
1522
664
1034
911
1784
88
826
1307
1277
1558
1924
1764
857
1563
896
1838
1604
1384
1378
1341
609
252
445
1397
1807
1105
1483
1792
1606
1288
1619
851
1045
1468
1030
1957
525
272
301
1381
412
1607
1357
1814
813
20
146
1729
922
560
468
64
1282
226
1529
1661
899
1593
1023
397
100
63
956
246
1013
116
1106
1955
75
738
1642
544
1134
1164
1171
217
1156
1112
757
1989
1805
1876
682
1320
839
490
49
1154
510
1142
1566
830
57
311
717
1659
1006
581
550
1551
466
1699
792
341
1555
1266
518
1608
995
1973
392
705
231
891
844
322
1891
256
1636
47
1516
56
1290
1195
461
1618
1746
1390
1879
656
934
113
1477
1667
1335
1198
1677
1145
1359
250
674
1789
1867
1448
78
1058
1032
469
470
1184
450
1899
739
195
191
1884
128
1470
737
1779
1724
805
387
784
142
639
686
1821
1811
201
689
164
709
414
1881
227
864
985
1273
1553
987
1484
638
1600
884
1385
1866
1977
1279
1165
1742
1157
1685
1657
572
1515
215
1401
1407
1769
852
1525
1303
6
771
1930
1190
1091
626
1235
1419
861
1988
102
1693
1565
177
1360
1069
1544
1970
1376
1799
289
507
1827
1987
427
1794
791
1858
785
1963
1934
441
938
570
876
1447
1744
535
1712
1682
1175
832
1317
1842
1500
1758
1238
1523
812
1150
249
953
543
605
1726
765
454
1223
1893
868
137
859
1531
1542
1412
641
1053
1084
1437
1389
981
371
433
1009
475
867
714
1509
751
268
464
1575
1603
1567
1862
905
1192
284
1189
67
1634
988
1052
594
604
1305
1072
1293
1095
963
735
407
622
1485
1160
829
578
17
214
631
1398
970
1420
1018
703
196
1416
1196
1507
404
1364
1964
1612
1127
446
635
1995
1405
415
1312
1640
345
1902
115
1161
1125
1653
1691
548
1861
172
1663
1951
727
741
842
1949
219
1960
504
821
417
1602
602
125
118
1087
1302
1128
1090
245
1788
11
1808
1630
671
583
847
617
678
1959
60
1289
1281
1031
391
163
1298
599
1313
569
1191
926
966
382
408
1138
1715
1220
1482
444
1047
1743
1791
1643
1042
1734
1803
769
990
915
540
1304
422
835
232
1962
947
885
492
97
1680
257
297
1003
171
1406
1900
1537
1656
1696
1572
186
1367
1490
566
941
1896
205
775
1450
1991
1225
99
1824
746
655
1173
1782
1284
1078
692
873
1372
37
1747
820
1251
1817
167
1686
528
1086
579
982
107
874
907
359
996
225
1048
959
438
234
536
182
515
1651
595
1315
1679
157
105
179
620
287
1325
1596
1061
89
349
516
1049
1713
1347
978
1751
630
904
493
1697
679
825
1403
517
1757
838
1557
235
1761
1639
1368
993
1823
7
169
244
1475
589
1580
462
28
1217
743
1356
1763
1776
877
1488
1050
567
176
1409
356
1850
1493
1849
501
945
728
5
321
198
1146
1780
1135
1166
1400
1358
308
1348
1961
162
925
1140
1802
1206
1878
1982
1296
624
1944
846
352
351
380
1309
296
1652
1111
1430
1725
1194
1228
783
1116
716
917
211
1147
582
1467
1226
1923
1993
87
1829
298
1859
1740
73
1520
1718
1613
489
304
1938
1370
539
307
126
1760
935
1096
1979
263
1541
1869
924
1102
976
1012
1709
2
42
1338
1473
632
448
1913
1589
1535
1933
68
1790
1492
1124
443
658
1813
343
485
1428
1139
1057
1152
1841
213
1543
1946
1026
1080
1830
762
894
1425
600
93
1741
1638
1144
1975
827
613
747
396
319
435
967
1008
1706
878
328
986
260
1463
457
1099
1883
324
1063
13
646
944
418
108
999
519
1984
529
627
744
1835
1917
218
1415
789
1632
1673
46
80
933
512
434
556
723
898
271
1840
348
1458
1733
1717
1408
372
1237
1892
1848
1169
153
1906
1452
1224
151
906
788
173
360
332
661
41
1972
1167
593
719
588
1132
1614
1590
1427
799
1480
456
329
1690
1801
1631
809
1756
1209
908
1597
403
573
22
1067
1474
1727
1446
1004
1583
729
810
1547
900
606
1628
828
1708
187
129
1948
488
1796
184
251
943
119
1707
685
1464
354
1912
248
