2000
329 752 978 534 1231 33 441 805 903 69 1059 33 48 26 391 1178 944 978 1011 812 1032 60 943 395 332 58 815 684 548 590 34 1263 863 381 710 1128 431 750 889 750 814 44 845 607 591 981 71 869 709 338 1100 1080 1087 709 685 1280 1130 56 366 434 967 462 1185 264 1166 490 513 184 403 931 887 851 457 869 87 347 381 132 125 1196 104 102 323 20 655 139 1220 3 126 1116 214 847 1247 544 237 57 710 1039 794 253 1056 124 1069 1161 625 1025 795 981 42 1263 199 313 904 794 588 1118 1175 15 30 294 1123 304 1083 1265 658 213 124 1113 503 1162 392 114 597 933 972 532 91 914 1052 471 752 769 589 517 903 771 440 163 945 94 467 1169 765 697 311 386 1181 636 424 386 515 1000 645 1127 687 254 1132 976 842 310 489 1042 190 91 127 1217 1270 284 142 1015 636 1134 639 1260 428 100 81 1195 947 991 901 1050 1268 708 644 826 1077 593 636 549 478 237 796 446 212 110 191 950 166 430 959 817 592 943 311 610 972 944 1204 475 61 998 696 419 82 409 1145 1215 1147 1080 266 399 143 1000 645 1197 146 80 1039 300 826 734 202 715 390 759 950 205 965 237 144 1191 1223 839 903 955 360 592 416 373 1053 922 928 1013 450 870 197 1104 816 505 925 813 88 1132 1089 620 197 354 932 1036 293 377 969 810 402 795 315 1046 1268 242 263 384 420 342 391 300 312 241 458 1213 1009 297 416 575 108 987 287 1110 1170 658 419 429 1114 1009 42 157 926 162 1231 1255 1045 1137 729 546 198 708 559 514 494 952 998 433 280 16 4 104 810 805 176 652 299 836 679 1141 1175 389 923 1122 21 457 950 977 390 118 94 1053 1221 502 27 1256 822 1042 132 448 563 938 1194 131 81 223 1242 1137 649 714 72 984 880 1138 1183 175 786 546 1255 731 868 76 567 1036 1139 231 552 143 225 34 989 371 892 978 503 625 1040 1050 1139 376 83 101 1289 37 1060 810 1175 1115 282 1006 754 1050 383 696 550 551 1031 436 830 1034 862 361 217 551 567 334 539 948 924 506 591 380 653 382 620 169 1011 322 527 474 1092 466 855 134 455 173 853 309 492 22 1049 895 843 445 1187 391 597 599 386 903 1233 412 565 1005 976 446 1059 403 1108 1209 432 1172 377 725 24 1108 107 830 318 400 1191 1244 311 515 653 1231 898 212 672 1114 167 559 167 467 802 403 243 457 978 78 420 217 44 1252 1290 888 5 393 697 340 680 351 1104 255 1129 243 899 742 377 1252 882 158 655 391 347 591 1125 22 933 835 570 1177 1018 227 1171 1071 177 1285 179 874 115 631 797 520 927 596 194 453 702 576 422 106 978 1054 1041 275 267 894 552 810 1020 29 1056 1020 821 821 484 588 172 208 31 153 826 828 445 240 277 1131 751 828 82 533 651 647 709 615 679 345 748 806 1217 1082 1208 161 530 501 392 455 451 742 231 528 606 380 62 272 59 911 465 512 801 544 670 892 1114 159 197 1058 256 213 983 142 296 1136 631 231 334 310 250 493 430 195 407 1030 1180 977 366 620 626 214 601 224 741 736 977 572 916 1106 449 875 22 553 661 1117 287 1284 449 345 897 800 908 681 905 1259 1046 1186 1121 241 134 408 1183 463 521 482 685 433 567 134 1121 779 933 474 1114 568 583 965 600 429 541 2 787 1036 269 552 83 1138 987 82 1185 1224 518 678 1204 833 989 142 1083 719 1181 64 311 694 605 422 125 875 772 1230 1010 671 1024 1139 155 749 885 749 926 323 744 178 1271 19 328 1117 735 311 965 692 92 1244 102 829 985 505 498 109 1042 133 261 700 949 1010 71 50 112 736 517 1230 419 1081 777 647 329 11 612 1104 1018 1277 15 1232 487 372 492 939 1207 923 368 1289 996 562 589 465 884 475 821 442 65 752 245 767 328 76 1177 803 618 131 1111 527 170 479 1230 848 997 345 80 1005 803 728 657 1160 1080 210 899 104 615 673 322 978 804 589 1272 65 482 143 951 845 993 1223 616 935 574 435 1190 1238 1095 756 140 1260 617 1160 361 40 1148 896 873 1193 272 546 240 942 490 923 863 30 248 970 74 139 755 579 1042 182 1174 1112 323 578 361 1175 308 759 806 444 1098 692 492 907 903 1172 98 789 976 170 1217 618 1053 1216 861 528 591 877 488 773 649 638 1162 1277 685 667 1105 493 140 1150 822 351 341 386 1172 342 504 274 719 1230 179 938 323 983 84 457 86 604 293 159 356 1184 1136 1224 185 137 1209 1185 255 113 106 288 730 533 12 862 106 893 628 760 967 165 1009 265 1041 448 141 430 307 959 1143 742 494 1011 37 519 736 633 1269 76 378 479 445 794 91 843 1092 1126 1133 468 314 600 803 424 597 155 1076 823 531 883 156 644 1033 776 1142 1270 864 101 816 1189 696 913 247 630 80 402 15 1237 822 417 1020 845 381 387 307 1020 1125 186 483 679 437 992 933 909 612 767 599 977 1178 578 285 663 1183 257 1074 835 422 1261 917 1027 711 28 9 951 247 781 607 657 507 682 76 227 1036 811 1179 252 142 253 641 1238 1166 366 1011 557 479 966 341 399 40 824 116 222 981 741 1071 454 475 771 658 95 584 1041 1274 262 965 289 1219 1231 742 675 869 819 193 226 1084 1133 422 587 690 529 78 983 1205 475 547 339 1118 18 1074 184 948 537 337 1246 1038 78 696 969 307 973 414 433 242 402 657 1054 677 831 1134 119 317 260 982 798 456 109 1045 1245 875 491 1242 374 623 955 930 618 594 937 783 187 321 390 1053 1287 363 969 451 430 485 434 704 1079 1083 239 824 263 1178 577 700 680 930 270 104 203 717 1204 60 1245 226 664 937 122 973 1129 603 728 280 402 495 202 271 477 729 719 1069 746 1069 1086 1171 67 1020 1059 1053 850 1238 854 661 586 844 1085 705 1112 183 757 1047 465 462 1086 177 472 962 1283 580 1065 166 729 758 848 1112 296 676 797 1007 1189 276 850 854 1117 650 898 116 235 28 222 22 673 992 759 1101 234 122 1069 1087 989 405 673 52 826 635 185 156 343 679 505 1052 603 821 876 366 342 1275 218 181 51 784 484 70 1078 356 508 425 549 1279 860 721 110 830 1109 610 1047 1152 599 299 229 372 1026 378 36 800 712 1238 990 572 1110 292 321 898 508 382 883 861 1007 509 631 1129 84 957 501 521 426 912 91 524 190 171 435 1247 1009 1109 10 1252 297 699 1043 792 235 578 366 487 516 52 1071 136 1225 90 676 1207 940 1123 354 63 649 1283 331 1076 802 371 775 309 1222 307 638 250 236 447 489 42 1106 247 1276 42 853 892 1189 1256 1045 1157 1218 719 557 767 576 1119 833 865 1029 702 60 1266 1164 749 782 205 879 903 402 1096 58 407 1224 345 560 74 344 875 395 937 778 841 264 769 657 1127 1152 836 10 420 125 1120 201 467 338 821 535 1175 759 198 731 540 1068 308 14 277 202 1264 355 539 1204 681 307 504 74 1146 307 637 830 492 882 620 869 404 188 899 301 113 701 3 174 892 1235 1171 438 943 463 409 927 665 579 403 1013 1167 1229 804 754 453 885 1033 396 5 1287 1255 872 743 1073 494 144 216 1051 1017 1239 97 728 320 1068 38 1155 976 588 621 170 438 52 1202 155 127 642 1079 956 626 99 165 682 406 291 1075 583 974 503 138 793 1144 413 462 459 1044 38 777 676 129 1254 720 622 294 417 606 1022 27 792 723 362 248 28 1258 156 512 320 460 839 484 463 445 648 455 1036 116 936 5 1021 171 123 1273 1073 409 457 133 708 516 214 80 475 1032 137 796 173 992 147 738 161 413 719 820 1229 490 1091 1193 424 249 1255 529 1239 989 458 741 79 1278 495 178 1231 349 592 1289 365 1005 986 139 1203 55 932 1164 30 804 729 273 453 503 888 292 1052 401 522 737 970 696 1015 802 578 279 1249 1158 33 570 1152 629 1113 22 1270 379 251 713 423 399 1129 1010 338 387 519 276 26 85 1064 629 324 376 654 1255 1264 578 440 1040 1063 836 605 213 231 1197 378 719 797 277 749 206 1264 708 570 245 385 255 1194 705 551 204 751 359 1230 746 626 35 225 398 337 1239 538 563 569 4 448 432 317 316 231 148 239 579 275 472 445 295 434 1106 1132 1172 298 342 1059 620 1109 174 707 1262 1005 1181 605 725 1086 527 1196 358 314 345 1081 378 1024 29 214 153 888 521 245 810 414 322 1008 927 44 1221 1108 414 547 425 647 203 901 167 346 1038 316 610 523 119 615 5 195 529 1071 397 1086 1044 57 213 652 167 154 391 687 1039 333 1088 1093 774 588 1156 522 196 1148 423 582 267 233 695 1203 887 47 1030 410 1174 688 512 419 610 254 611 657 718 549 1002 852 1028 1057 573 547 192 750 122 1075 1152 9 269 1142 679 890 788 12 585 407 57 92 784 909 731 108 1290 218 977 538 1206 94 1111 30 453 631 607 135 602 1282 298 1245 1234 301 1042 306 324 766 18 708 977 154 768 904 733 195 767 120 444 567 420 740 863 480 359 624 852 1112 926 1128 99 888 235 1130 858 485 1174 999 1134 1018 309 900 513 96 681 1034 860 337 54 776 792 793 1283 898 491 379 37 15 72 1150 530 501 429 998 807 69 810 1103 525 1166 529 306 608 1101 260 318 130 912 272 1250 887 137 921 412 251 640 875 155 1107 29 504 253 390 878 378 778 1062 148 773 513 1037 370 1213 87 471 330 1143 325 1018 656 751 862 147 522 1188 531 194 801 484 948 643 892 632 1143 789 786 165 937 27 889 357 324 938 226 858 718 484 622 1050 1067 931 548 326 504 1090 919 249 532 525 816 1242 912 369 727 701 506 765 698 1243 920
689
1063
822
1277
646
20
1639
729
418
1952
284
232
957
728
1567
1798
364
327
110
1592
1577
153
350
1259
1925
1436
1354
1073
1615
1466
966
1237
1415
262
575
905
699
496
28
473
1522
1198
1252
1724
192
1288
1268
1558
374
1496
298
314
1666
4
1859
1867
659
1762
1369
1049
981
526
1380
560
1988
229
1047
488
348
170
312
983
406
267
1222
45
1377
1155
436
1459
1414
677
420
1295
884
503
992
1703
390
1760
27
1632
994
1606
1338
1707
1428
1210
375
1812
1510
365
315
657
1935
1457
421
1954
634
769
512
818
940
1346
1331
907
690
415
1271
1235
1955
521
290
1311
1281
1720
1509
1559
964
759
663
1685
316
1763
1851
706
721
331
1843
1863
1077
626
1958
203
735
1550
1276
1041
1031
1213
34
893
1494
404
1205
1875
373
1473
498
1347
361
579
866
1804
39
1561
78
317
872
573
1460
1890
337
388
939
273
132
830
1269
1
1919
531
1600
2000
1634
1839
395
295
1846
736
1897
581
679
1873
751
865
6
1287
1531
1032
1892
1478
274
146
609
58
1462
1437
350
880
1483
1280
513
1798
1187
328
1584
1267
1870
832
1429
1669
1
1088
1792
916
1536
752
117
933
1463
923
1647
1286
1275
346
562
1424
188
687
1067
1144
815
1572
1161
1199
998
755
552
474
1732
310
1335
1588
228
1357
10
1632
1100
416
648
92
1815
1770
491
681
97
117
44
1565
1085
1027
275
1072
1617
75
82
1879
1581
1833
1060
1289
711
842
1422
1106
1263
610
934
1680
469
1039
1051
1566
697
727
922
313
1605
1035
1973
168
845
368
1454
1381
111
1493
1908
1814
88
870
320
502
1445
1805
1411
945
1513
1995
792
1012
183
872
118
1333
1455
1877
1247
136
1320
682
915
242
863
1416
1660
393
1857
1562
519
904
775
912
452
1883
1766
479
1203
11
252
1961
1740
840
1191
1132
1412
148
1036
1318
434
453
1992
1352
909
266
90
772
472
941
1578
234
1296
1009
235
359
1579
925
586
1563
1827
1530
1836
1442
259
509
580
1299
591
1490
201
240
234
1864
57
816
1248
805
73
1715
607
1182
338
626
158
1249
913
1675
228
733
50
106
248
1481
1150
1000
205
692
462
1282
630
213
171
777
1227
1555
135
1569
745
1145
891
88
516
1694
1865
1823
1359
417
1387
990
158
1923
1103
399
1576
618
165
1121
835
1317
765
410
963
1987
55
72
460
1639
444
1659
1758
1672
1166
1721
1849
1064
1294
636
597
220
277
1959
773
766
366
94
407
914
475
1744
1669
128
1932
1207
1289
1924
1719
724
1242
1188
1714
665
414
200
1578
797
791
218
1772
412
358
1244
1374
1062
1257
1972
296
1290
675
847
454
1175
1059
56
1996
1379
1534
1981
377
900
1835
1353
1635
662
1911
1549
1187
1540
357
297
1151
1520
77
930
570
1438
911
795
19
400
413
255
1117
1951
544
336
541
1008
423
1591
282
987
1221
1942
647
1105
319
1838
130
905
1443
1298
822
1753
202
1512
159
382
1921
1102
411
1266
241
1101
1328
339
1419
1023
1727
1256
542
1116
1068
427
1950
986
1544
1699
1520
405
1210
432
1347
485
380
271
1856
29
1029
1821
38
848
1776
157
973
1180
1600
608
1124
865
1834
1392
1749
523
141
1397
1185
1904
1618
1090
1842
1807
1682
272
807
447
1663
940
605
819
1769
589
409
1313
1947
781
332
1819
1543
1984
839
671
563
1134
1131
1398
195
1761
217
308
1777
1079
731
1351
1938
1089
103
476
225
1781
305
1293
341
1552
857
838
432
1579
1608
843
489
1015
1183
1516
726
803
1673
183
103
1535
1458
1154
269
826
241
723
1066
1872
860
1518
895
323
1190
597
1122
1366
1305
857
955
988
422
441
1070
1806
644
343
1159
949
553
1202
1985
1736
1596
1427
1641
985
557
1146
1465
1469
1677
698
1308
446
824
1057
1052
926
1826
1674
757
429
1679
1637
1153
1545
511
1538
789
974
1635
834
727
8
1162
920
1862
1334
147
936
810
1197
455
1700
191
186
349
740
493
979
1571
766
501
1822
1453
595
1163
664
309
1325
1412
673
806
896
1262
410
1549
723
989
1209
1054
812
610
492
96
150
333
1449
1695
1756
744
1371
1693
1007
1401
155
1080
1362
816
91
1241
1983
379
518
1329
615
1975
673
793
1485
1844
968
1553
844
1778
550
180
1949
776
732
1003
1406
889
1448
1896
638
31
827
1079
1343
89
1232
1684
1278
1968
70
1610
1528
722
705
356
841
1251
1114
859
264
730
1102
70
1322
602
510
1454
511
882
1792
14
47
301
412
1042
624
1767
796
879
179
884
1500
1117
917
1853
396
199
1791
1189
1864
65
795
823
250
395
1931
1969
971
574
1940
842
576
982
298
518
942
1678
1325
325
1928
1998
625
1193
1701
459
1812
362
1840
1451
1075
1146
1913
509
214
652
611
1907
1002
1939
1855
1888
1652
1869
1811
1524
93
1771
598
1793
684
1816
1087
587
288
978
1742
1637
1741
1341
387
1050
1350
670
524
713
1984
1730
995
1095
720
1479
140
134
643
298
704
1215
403
449
710
289
924
1447
112
1028
1021
1186
480
37
293
759
1110
119
160
278
1789
464
1782
767
1231
507
436
658
1346
99
1389
1241
1514
195
1390
226
868
1594
1633
1022
1394
688
902
124
737
1408
1130
1713
1431
60
1120
1194
204
555
222
1575
443
1114
86
335
1537
763
1078
59
109
1019
1480
105
456
1348
566
101
753
1881
849
858
1172
85
1961
102
68
669
1258
734
467
1176
712
1823
1099
1082
12
717
946
1012
1208
717
1425
1071
1774
1321
1699
1143
770
1019
1646
492
545
1887
173
1086
1790
1378
528
1426
1801
1802
621
1049
1676
585
1265
295
1990
626
1574
46
245
1573
720
193
1145
909
286
1388
53
424
520
749
706
1895
1143
707
862
808
886
736
623
1489
1611
1962
534
1443
1648
1629
820
1361
1418
465
251
322
1974
1113
1174
1119
700
406
1927
182
94
1992
326
1363
1040
1717
156
877
1106
1697
1386
1024
76
162
1025
1140
360
944
411
166
1624
398
702
1945
1949
15
719
1108
1797
23
640
1636
782
116
460
1142
1936
883
1897
536
1686
123
1828
908
471
1192
50
1319
239
1841
1016
419
1223
1196
1991
1480
1260
69
1327
1830
579
26
738
1918
18
1410
302
1356
1302
1355
397
547
1433
1711
1288
956
1879
568
1999
788
115
894
1423
1381
1384
467
603
1612
1314
285
943
33
801
1460
1614
1602
1515
783
1139
1794
999
1312
481
1470
1156
440
980
1309
1562
1094
1113
1541
754
1630
897
813
385
1217
1126
392
177
1475
629
194
354
1606
210
1728
864
1934
237
1420
1476
1662
1302
1438
869
1431
124
908
1083
1832
72
888
823
206
1541
890
163
1126
1030
938
978
553
1803
170
1943
190
1250
1005
145
363
120
1746
208
372
1734
1277
836
1747
731
558
1449
635
1687
953
672
1712
81
1367
16
921
590
1
306
746
1786
81
437
1430
1723
1342
1529
871
1211
1692
1764
993
1664
1179
1988
1882
1621
1253
529
685
790
567
246
1845
1519
1538
249
743
1893
1960
280
43
1706
951
1874
79
1627
578
442
1383
991
133
401
923
1929
867
483
655
294
450
466
1795
446
551
95
386
1880
703
311
530
291
1398
256
1982
1344
1228
1323
1818
1239
1054
1233
151
1450
708
30
428
1651
919
855
1768
1933
1235
876
1165
108
872
1375
1956
1184
758
1876
1691
1340
164
500
355
1183
1589
231
185
1399
55
351
1785
1867
853
307
1560
445
463
1364
1582
873
741
594
681
1889
1539
961
1878
593
292
468
115
1799
588
549
264
613
1495
3
1764
1967
1365
1821
1472
619
1058
627
1439
959
1885
1499
2
187
54
833
1640
1854
546
1852
1501
109
614
1729
1788
378
1211
650
426
1710
87
1168
1817
831
829
928
270
1169
1283
1642
1592
622
1250
794
1409
1004
1705
641
958
1619
1731
1957
1368
1206
149
1440
1971
98
324
599
688
1056
1899
40
1230
1402
1548
1456
121
1583
843
1840
1511
258
1373
997
276
1264
1171
822
1833
113
238
1204
1055
1178
352
484
1045
683
421
1796
965
477
1096
1345
1492
287
1291
582
1557
762
1931
660
1505
1748
972
334
1241
747
1644
1360
1111
67
36
1936
1254
1604
1013
448
499
1097
1270
804
1491
1316
1962
303
912
85
221
1570
506
384
606
247
1461
1813
383
438
244
63
696
1118
1026
1774
653
714
1694
1011
1750
1658
64
1884
1585
514
408
1090
505
569
757
162
1542
1572
1137
1662
1599
1413
1994
346
932
837
487
750
678
1551
1780
1689
1081
1848
490
21
1789
962
958
167
1337
1943
1631
49
522
1609
1240
107
1733
802
122
31
825
532
1127
1211
1915
1739
768
772
370
172
970
1825
1301
344
594
1358
342
227
97
144
548
906
1907
1886
1224
90
1297
1091
504
1372
367
1803
830
1787
922
1226
1032
527
42
1109
1900
950
1716
223
1444
1623
1587
375
1598
1332
1694
694
1403
1177
886
881
1243
482
1670
1547
1326
543
112
1605
1922
1702
1657
898
330
774
616
224
561
1504
178
971
1231
693
219
478
540
1407
1691
718
381
253
1348
877
1178
167
1743
1214
127
435
758
899
600
570
1467
143
189
875
654
356
1503
637
486
1376
22
680
230
129
1262
1946
1821
630
1081
919
5
1538
1133
1568
1963
348
1385
1930
1285
1421
331
514
1614
556
1477
17
354
1800
756
1208
1704
396
439
1917
209
554
1603
257
1993
522
592
83
661
538
787
1152
916
1550
878
81
785
1272
1435
1727
1468
123
108
1218
1324
1625
1212
1135
1405
1613
1910
207
1170
846
216
525
1638
1148
1977
1452
748
1810
1381
1471
929
138
586
1527
1502
1310
515
291
1665
715
976
700
617
212
1986
1477
639
631
1809
1432
1831
1100
1671
1636
1044
1593
620
936
299
1069
1458
7
1370
1147
948
645
1292
1123
225
1256
1225
1043
433
1045
498
1033
1772
169
1061
697
1504
104
461
1965
1556
1683
1110
1141
1765
1474
1616
824
1417
577
1173
1626
263
1245
887
1696
1937
371
817
564
589
1335
1075
1532
321
700
1591
1621
1688
601
1597
51
1006
1597
1107
667
228
583
1265
1834
620
786
1779
571
633
1527
152
1395
84
1649
126
975
2
1284
1521
760
1300
1478
798
198
668
604
82
799
901
1653
1906
495
1017
1783
1219
1065
307
470
1404
935
954
364
709
535
1980
1655
497
1112
100
559
1136
1757
1349
1484
1288
1400
1382
676
828
761
154
1339
261
1894
1956
1752
1201
1861
268
175
174
211
628
1157
232
937
1656
1858
430
651
1326
243
1307
852
918
1941
1862
632
1964
