2000
1037 383 1133 1055 338 510 1028 491 1364 136 783 1205 137 977 1133 1300 684 612 1227 236 707 167 8 809 1311 1246 529 149 514 831 1034 884 1171 249 948 858 1001 865 1104 122 718 232 955 1262 1200 342 838 1102 1066 49 393 1118 1015 9 234 841 583 92 1074 406 252 45 1284 194 925 357 380 469 1363 901 365 691 272 449 342 411 1261 304 358 370 370 603 1004 1193 1011 536 257 729 1358 396 549 614 619 235 10 450 73 173 616 805 891 1225 565 849 1050 1044 653 854 804 1155 603 1185 8 844 1102 928 468 684 1067 803 1322 706 1038 124 505 864 381 614 34 129 290 712 1266 172 723 638 744 484 752 1083 356 24 741 892 86 827 250 257 32 510 556 246 840 861 241 427 796 983 1093 608 590 1213 1016 565 1301 1081 716 14 1055 997 1004 838 650 700 126 539 581 607 1280 243 529 864 933 257 1259 884 745 1334 632 862 311 805 890 922 566 869 289 1176 535 800 1173 824 172 1332 261 903 1270 962 825 707 182 267 335 1008 289 303 461 402 699 628 69 652 144 361 60 572 1288 1288 6 3 307 1084 715 1119 202 49 861 852 926 1032 213 66 322 18 552 740 615 750 60 1 1030 1236 961 626 234 660 119 1364 58 1332 22 86 610 768 802 611 21 87 1062 848 542 1322 575 225 1204 828 1102 996 627 897 759 212 682 771 1139 593 1008 999 1006 26 1158 57 180 985 605 243 87 434 941 703 1118 1107 512 1033 659 419 493 837 765 884 255 193 976 831 931 1282 990 1325 908 248 1274 217 1335 482 705 80 1063 278 1262 1098 1206 1222 832 718 399 433 489 1012 1079 60 637 401 37 356 1198 368 1286 1362 879 918 654 815 515 627 692 190 130 914 635 837 1314 1011 522 1059 786 596 1023 1155 231 646 961 145 1120 297 923 948 1136 1316 856 135 53 943 671 1350 759 1185 201 514 716 939 1335 10 94 863 538 1030 800 1313 992 959 589 231 1212 549 475 757 1086 184 122 977 950 681 1021 778 1073 1170 742 68 1317 1191 291 1198 888 501 125 334 874 539 801 928 1056 788 1332 735 430 3 1141 796 273 267 416 1213 83 833 635 380 513 118 734 183 1114 560 285 187 608 431 261 540 287 897 591 747 12 684 645 569 971 1353 900 454 1200 575 1369 782 1290 121 404 294 883 631 108 544 886 1034 863 878 865 999 377 1271 417 598 477 1351 1358 39 156 604 810 1035 62 498 860 312 1217 85 1027 1354 196 1023 1119 539 985 28 1289 150 1292 177 1358 1228 790 1326 662 1102 649 630 8 1039 1303 276 220 628 624 1214 390 436 939 1150 399 42 1038 512 73 643 198 1268 1192 1204 1199 1270 265 437 154 329 1368 51 595 749 20 125 1042 685 1369 614 1327 648 434 119 113 1271 40 357 1116 701 257 733 39 1172 458 838 226 151 281 78 425 119 907 22 501 986 955 1265 201 607 306 762 1246 1260 1090 860 1264 898 548 605 931 446 681 521 880 10 75 964 1022 143 457 225 965 1367 43 362 1135 829 1219 987 1221 647 862 1287 956 1369 1088 506 324 357 1190 313 168 1255 833 984 926 599 1005 890 617 1105 517 1144 1364 133 428 219 1153 1116 698 199 1149 539 722 379 509 545 584 454 1211 836 208 263 360 855 505 1245 669 882 837 37 1164 126 952 1160 1017 234 792 1320 1015 1132 729 746 379 369 443 1098 913 752 205 343 974 854 1102 394 895 627 932 870 1101 323 482 799 906 679 1073 558 63 961 1136 757 917 553 824 414 1288 1004 426 849 266 995 1059 308 454 265 830 169 758 1204 1210 393 822 270 1135 458 129 625 955 1030 329 352 898 1036 296 595 1237 931 21 298 799 772 360 978 1024 375 895 1144 1261 219 626 1089 938 704 63 372 646 1132 539 1004 949 657 579 1133 652 1337 333 704 898 1228 944 706 1168 210 789 440 962 1163 60 3 146 692 14 630 1315 313 316 442 241 385 722 452 743 907 844 677 194 1321 489 515 8 791 1359 933 873 729 73 136 343 348 634 247 360 974 228 86 1051 471 875 916 338 72 242 426 582 1068 1261 998 260 563 552 576 607 172 1173 271 557 341 560 842 982 1354 890 973 1309 1265 284 818 1307 423 750 939 130 1370 1068 1094 196 598 740 167 108 1369 1219 275 64 429 427 275 178 193 295 717 675 300 1154 1196 796 291 983 225 558 687 891 596 1356 926 521 541 1304 274 586 1172 1251 931 379 792 93 937 106 1173 1149 1135 62 435 262 1366 363 1188 169 244 631 1183 777 149 1345 840 999 246 107 1099 1038 809 1243 376 918 935 1334 1267 440 1020 1163 1237 734 1115 110 573 789 184 359 958 1005 677 463 1001 218 767 678 138 443 586 623 1039 883 517 586 664 252 4 1343 538 851 276 292 871 1246 534 1215 789 881 900 1140 1141 55 1007 198 58 815 193 149 730 114 694 1323 748 1273 587 1232 1066 1280 416 599 1249 316 832 339 662 616 110 682 586 1331 1046 508 350 37 1343 1242 1205 473 167 832 987 560 762 22 785 1367 160 1348 734 993 7 861 301 1111 1196 233 986 334 781 74 859 653 528 912 270 144 1129 1346 73 559 992 244 353 1160 441 1257 443 1318 759 1042 1242 69 933 686 419 304 1050 769 918 1282 119 614 1249 475 1146 81 903 725 167 586 863 391 1065 132 1303 110 1134 604 1170 590 586 1215 966 1150 500 759 1203 679 1281 910 984 1070 406 345 728 426 463 1270 342 145 746 169 1147 1121 1155 297 854 414 35 72 1118 379 184 896 139 294 1148 1136 1289 539 474 484 980 392 380 1239 32 379 843 593 1136 874 446 934 827 361 1340 652 1094 1070 1149 608 471 1369 214 175 660 1205 615 178 225 968 755 1027 867 21 764 426 722 136 985 186 1003 44 505 39 1185 1052 611 721 80 129 653 656 955 501 409 359 179 7 1127 534 1217 36 986 557 86 386 20 55 67 260 663 330 1262 20 94 1325 53 1280 486 705 457 883 152 340 1315 529 858 379 103 768 385 514 559 1276 741 260 45 195 917 247 203 335 598 1291 1288 712 1019 1202 1209 746 718 88 358 457 1102 1140 1262 1099 928 676 174 241 950 404 966 1110 791 545 557 1154 890 832 1200 310 397 242 1367 458 31 165 729 276 185 185 105 642 1299 941 203 1019 863 147 150 1247 1257 615 106 648 903 43 386 448 487 1216 799 650 67 1189 760 1351 1192 1336 528 864 1126 1269 212 582 681 269 1302 1050 237 1135 602 363 168 854 318 872 1042 74 1086 229 1152 373 1241 199 1058 880 125 796 1345 368 612 373 329 257 362 1158 1362 115 72 751 586 327 1202 164 1156 304 569 231 264 147 169 1193 480 1231 338 1006 1354 617 759 930 571 1131 967 481 35 912 504 110 266 77 8 65 530 1336 1107 809 1017 1230 1072 1150 688 704 118 191 1025 713 513 1356 1243 588 1274 10 1088 434 1305 182 1142 965 351 605 643 473 887 1296 255 554 970 812 102 93 1122 367 770 706 1176 865 319 431 72 1109 203 567 967 924 1018 419 743 1212 1300 392 999 326 196 1180 19 496 505 572 50 38 813 1167 1184 79 85 280 970 52 1008 377 1029 1047 1019 707 1218 1198 849 424 336 704 141 1135 152 280 447 1294 424 604 1289 1017 229 805 189 168 1012 1080 663 711 431 932 899 1265 621 264 881 1191 365 221 1354 999 1202 270 1007 1135 179 263 832 620 309 992 624 454 1116 791 113 1153 445 688 198 76 483 1260 1334 257 849 1290 680 1039 741 637 776 944 123 626 600 1157 457 382 1219 572 380 482 772 1238 1317 883 393 1228 811 337 158 1110 56 413 1244 277 844 1149 734 892 384 1083 498 20 473 663 1119 1059 1247 1028 849 1189 158 993 1054 1018 486 457 325 1353 782 1049 761 1275 78 683 1365 684 706 134 1288 227 491 196 186 426 711 383 40 1035 334 1044 1096 79 54 240 1127 361 1289 583 745 1210 160 222 878 380 826 292 1137 41 1087 462 490 560 223 1060 554 217 988 312 1025 468 1094 743 552 602 485 126 824 479 1023 735 572 162 1206 610 1088 217 1152 559 1326 16 34 305 1280 400 1028 604 918 369 127 1175 1246 1351 1327 924 449 337 852 1215 377 945 1356 435 1294 1135 970 668 493 268 30 710 190 847 528 569 446 64 849 593 1010 958 295 1273 1031 1357 1085 271 516 36 1316 1073 1356 19 634 901 563 1122 674 765 997 1110 907 358 149 1169 95 1260 1318 663 140 1139 565 526 1337 291 404 832 260 243 683 1257 452 341 1295 1110 185 717 1201 281 93 1179 847 806 999 1242 831 1282 608 1271 295 508 1253 1284 874 530 1290 1271 1265 1303 107 468 801 990 424 1147 778 579 934 1339 631 1359 602 999 660 1140 435 784 1027 590 944 746 1046 994 842 1002 1099 1082 533 720 967 462 363 1123 330 405 46 353 87 1157 28 291 478 80 415 4 249 606 654 809 1167 1082 275 897 107 1081 90 1098 812 1312 610 1159 662 1291 1163 116 393 1273 787 1078 785 1145 344 109 1275 354 691 53 215 459 1277 864 619 703 1106 1126 1240 1235 880 115 255 374 500 248 1310 474 1100 363 767 1076 1324 104 235 1097 1043 606 1018 1210 1282 481 853 889 975 270 709 1290 417 1167 216 963 271 147 353 1057 629 715 370 299 3 977 1302 530 1293 307 956 43 758 957 1077 1347 897 520 19 384 1218 1190 814 163 496 775 827 570 1187 217 178 1163 689 212 201 117 1279 1234 521 1132 747 61 145 119 1022 443 92 687 748 937 405 1275 1018 913 949 977 148 729 1276 709 520 403 687 620 213 358 45 8 362 961 254 238 139 1081 973 839 1109 1221 153 925 89 1365 408 1089 1224 358 665 947 158 651 1057 71 1250 66 1075 825 902 1202 1237 1113 230 1062 185 850 174 1188 108 692 151 232 1091 1153 1213 841 643
65
1156
784
209
1843
1742
1279
1901
690
1571
1926
1065
1283
254
1835
1810
115
492
1615
120
1600
337
1240
745
377
1574
369
1471
1638
1519
1475
875
1420
1549
673
445
1859
1640
1330
1932
353
21
235
561
1440
1016
696
1301
1918
1780
1304
1364
1875
728
880
1455
867
383
644
209
1446
373
211
1119
498
924
1731
1020
835
743
1760
981
1496
1571
991
1880
1570
1634
1429
198
1592
587
1275
1781
673
1046
392
1183
1724
1828
1227
709
2000
540
385
1011
745
1590
700
1126
1547
380
1648
320
369
118
123
1148
1031
776
382
921
3
206
678
475
923
884
1781
1681
1915
1331
296
1902
852
1980
1150
163
1642
1334
856
1786
1947
949
741
1538
567
955
1492
561
1927
1608
236
304
228
1051
1310
642
332
870
689
1333
1946
1607
1774
380
159
148
496
57
382
1750
1750
963
1493
851
798
103
1234
449
1917
1439
855
1556
1002
827
1988
96
1507
673
1374
88
209
1988
1067
1675
1117
420
459
1156
955
506
1837
1747
436
1383
37
1355
1461
915
1338
391
1853
1038
604
1355
392
1005
1624
61
456
88
997
720
1604
152
1975
1939
207
940
1517
546
1313
859
1164
1472
387
1959
689
52
182
1079
1928
1304
1835
904
1359
611
1486
683
686
313
971
966
1865
566
1683
1044
1410
141
1403
1560
1887
1825
1677
249
1567
664
110
1989
1291
877
426
1545
1018
1650
995
1318
1642
683
1025
1615
509
1505
3
1551
1205
1367
1246
1664
313
1364
1012
1607
230
870
1337
516
311
615
430
176
251
1434
234
547
528
417
901
849
1570
880
660
755
599
615
868
1863
1637
1306
1388
678
1053
911
65
1042
2
209
658
1497
852
1731
299
1367
311
494
565
129
570
1098
25
690
1209
1757
1092
1574
1658
410
1600
567
1316
683
1634
1403
947
1733
823
986
90
685
627
1434
1992
1952
1985
1781
159
561
1317
851
16
1833
983
382
939
1555
59
225
1255
835
1833
1007
84
1777
1263
1602
462
42
1005
1907
547
302
1842
420
370
1004
561
883
892
1665
1304
1835
32
28
1429
748
1272
1752
1597
988
1090
1519
1803
1084
396
78
1708
1314
496
167
1654
741
658
1121
129
855
969
997
1005
1394
614
1016
32
909
1637
1304
70
31
1002
862
1364
1681
1821
163
29
846
454
157
371
98
1027
1935
1471
138
875
1188
789
877
1794
957
1471
851
1
1198
1331
988
1518
1794
1979
672
858
1345
1741
1193
1361
17
169
1812
116
1814
570
1553
993
61
1245
57
1815
1825
274
662
926
1906
893
476
1542
323
1939
1856
1826
477
741
1331
745
1289
1724
1958
1211
375
1254
1463
901
390
1593
302
162
1679
1801
1555
1116
1980
1341
555
1031
561
535
1969
1181
1220
705
897
182
921
1371
1665
54
1567
585
1907
1574
559
1902
1430
369
981
56
1966
1084
1355
1418
194
1522
1376
1999
1848
1041
1810
916
1705
1263
148
683
85
1540
1932
529
1245
545
1263
1665
1654
871
1051
1902
386
1642
1901
1201
1955
1588
552
963
486
1758
370
1553
174
1798
915
1299
902
1187
2000
1633
1301
1294
1159
1372
1750
1946
1200
683
1502
1263
741
476
995
1221
683
1393
1531
432
205
1282
558
465
179
709
205
194
320
495
74
382
1733
189
29
492
174
258
1227
1756
731
320
814
664
681
1321
1095
731
1128
956
1750
1749
1657
1959
1396
1275
1541
445
1342
874
76
1118
1037
1190
1250
382
936
1942
892
1420
58
1364
101
507
1676
1084
224
392
705
751
1388
1361
456
32
962
190
251
1705
734
424
462
497
1919
794
1569
1621
1664
1584
292
310
1617
995
103
794
380
1806
1429
302
87
199
1140
1966
1188
1449
1439
1729
665
172
76
343
1138
702
1304
807
1746
912
583
235
1880
189
993
1418
1701
1935
1971
1511
1705
788
521
45
615
679
1447
1757
685
1820
1755
987
1496
1722
262
1328
1958
1475
401
1801
1460
1946
182
921
87
489
371
715
1161
1154
867
1200
61
1469
1005
2000
1833
930
1746
915
1408
865
861
1053
1558
418
1674
1745
1381
530
236
877
769
151
1457
897
905
804
626
655
1284
570
1418
861
1978
751
1574
869
1406
738
509
1727
962
1071
72
1593
867
1601
1439
615
1875
125
1457
1511
823
674
553
921
1880
1832
739
829
537
1551
1263
1434
585
820
110
1341
929
1202
1955
1573
1245
383
239
653
1361
1603
1463
1672
392
80
1771
1217
1408
1399
176
1422
1570
1065
1718
95
1558
1971
1555
1114
1209
1076
1624
596
1574
337
25
295
1592
1415
962
547
1592
1758
1801
1227
1011
492
642
85
27
1284
1120
1147
1607
1503
1440
1461
325
1865
1447
619
1187
452
1848
1780
344
70
392
203
563
677
1457
266
476
1731
1810
676
1204
324
311
545
1246
1556
1665
1721
1430
1320
1909
1340
1440
1519
1917
877
1321
797
1396
95
1347
945
1875
182
638
1415
475
1956
839
1341
1981
1634
172
58
1928
660
957
629
1283
1981
605
392
1405
453
3
1363
1245
730
155
1240
1952
983
1989
768
337
1923
1806
658
547
1351
101
1304
908
541
1173
1983
1405
1607
1219
1218
722
258
1187
411
662
1357
353
903
1251
591
1316
531
824
321
1035
832
182
953
1428
539
1729
1555
859
1896
1332
251
751
1588
1252
1088
209
971
1049
1794
1141
559
658
662
1027
1338
1
15
1880
9
1523
1628
1299
1700
381
348
965
1806
1365
1958
1590
624
1938
239
1669
741
1
1536
380
987
1947
861
1007
85
118
1641
1098
1502
1907
1588
618
1298
789
523
1982
1038
1151
626
1933
835
380
1975
1567
1245
870
753
1118
1770
1624
31
438
834
773
851
1910
232
1307
566
1429
1017
222
479
626
373
1460
393
1853
1856
1346
1326
11
981
796
70
1880
1374
1931
585
576
168
611
413
1756
753
624
1838
248
1640
1694
1266
1902
1080
329
1210
353
1529
1275
1567
21
59
985
1987
780
43
1995
295
499
1321
427
618
3
1245
1415
1340
803
1344
1992
148
1872
856
1351
1035
1986
1590
1340
1924
859
1442
1930
866
1509
1879
1011
1757
1277
1048
1541
1932
1312
876
225
1396
1147
885
1873
1853
1027
1574
621
1169
1590
248
1832
85
1901
1715
1138
1752
255
557
137
262
867
1255
1867
45
971
1437
482
1206
1664
1631
259
1911
974
413
1212
726
1835
144
1386
1833
899
474
538
207
1415
822
1781
835
45
1617
1605
601
1716
475
1254
242
1403
1696
87
1945
1151
1848
1294
723
662
1702
191
1149
1408
528
357
1942
1851
45
24
900
1959
1512
35
784
1164
1384
258
138
644
141
1788
687
611
939
380
1284
1254
1962
662
1292
239
1410
249
369
121
1242
912
505
953
1855
1431
612
1542
1592
1623
1727
741
68
1193
601
1351
1135
599
445
608
705
73
839
1449
998
1083
518
684
1654
100
1820
864
1245
497
1010
1503
1257
751
1475
1872
694
1658
864
585
953
586
1257
751
1202
1835
1129
785
209
295
209
494
1305
1798
1245
1284
209
1765
1195
165
1835
891
1688
205
580
1434
1483
771
141
679
995
604
823
679
1664
683
437
1509
1490
496
1671
2
920
1503
1605
1367
1447
1607
413
311
363
283
733
1870
1738
867
1731
1430
1764
741
1429
1617
1678
755
1806
1284
1105
1084
1549
1592
1690
1525
1848
1242
369
1522
845
65
1664
895
512
1701
1715
27
854
1105
1800
870
1545
966
1331
15
1833
57
182
500
1990
587
452
18
1607
847
1801
209
1073
1663
664
1901
1570
391
475
904
1570
908
1375
1946
211
124
1298
1654
1065
1547
320
906
520
1762
323
851
1571
317
56
1521
1310
991
98
1024
1434
177
209
141
1511
1031
532
103
809
1675
1637
1634
1851
911
426
494
8
1880
1605
510
1002
1371
351
956
591
934
875
1329
1245
1119
29
1928
371
368
1328
601
754
547
1570
547
1398
646
1602
1194
161
1690
1428
475
1095
1261
835
1117
630
1272
1007
1138
1551
73
276
876
378
1202
208
429
65
1702
885
27
646
385
1005
798
1379
1293
350
1958
302
1327
371
1810
1975
538
1726
440
1492
1621
1478
103
1332
377
516
1347
1240
157
1687
677
1492
380
1190
1958
716
1161
858
870
1642
403
1283
910
1657
690
496
61
100
1657
1907
1099
1935
1592
592
509
298
1021
1390
1781
1781
1020
530
1704
766
1463
1502
898
1053
1474
1734
1011
1949
281
1
795
946
1898
1
372
640
299
1653
1023
1071
140
1508
1934
454
1187
836
1880
392
1995
1135
1683
182
751
1341
1724
946
745
541
998
393
304
225
1729
1907
1837
692
61
1388
88
535
486
466
676
755
1408
1268
1835
1065
1179
1775
570
293
1640
497
286
1917
1204
1647
1304
1781
1710
1378
1658
866
1431
438
1880
1722
1874
1574
1147
1279
1043
686
141
1345
1574
870
405
824
561
1579
1219
835
91
619
823
27
722
252
960
1987
640
61
529
1864
1021
1355
495
187
1345
221
1963
1799
1853
835
508
281
673
1999
1806
1017
797
1334
1615
1807
1832
1460
1503
1519
1455
1305
1853
1379
1951
249
426
327
48
620
917
1922
1876
1490
1428
1918
1664
283
1
1547
1346
1439
493
494
1683
426
706
1619
789
614
1550
1549
1556
1024
986
977
921
848
900
587
1607
719
835
547
1336
183
1017
1887
1750
955
1609
426
873
1193
118
438
1341
1229
946
753
630
1478
879
677
1874
735
90
1148
1927
1173
635
100
1390
29
1283
472
399
1707
1592
1855
1494
1016
399
788
504
1352
68
1333
1612
1052
753
880
1255
1835
476
1880
420
1254
1658
1366
977
1100
1439
58
1822
1515
105
1767
1853
900
1119
1081
1755
1739
624
225
540
1414
1662
1156
953
1555
998
481
90
26
1844
1875
1636
1284
731
848
686
1035
1958
1463
427
601
136
519
840
797
27
325
1027
913
1658
166
1518
1521
121
547
1253
1191
1266
1931
1582
1755
1489
1874
1321
1724
735
1551
1474
1828
836
721
440
1715
291
1960
261
1943
163
1973
751
1227
98
1315
73
1609
1555
1593
1365
98
1563
113
1310
751
594
599
635
1945
1079
325
42
610
1455
1786
735
1070
163
960
1453
1592
1781
925
330
1471
232
1439
706
191
1398
683
209
1932
532
1017
1355
599
1935
1019
155
1367
561
1002
1044
155
490
1907
1492
601
101
178
1837
794
1492
912
1989
1810
320
1755
1360
1739
1588
1575
795
787
10
1044
1442
190
172
1050
1674
155
977
874
1471
880
27
1229
1708
1453
1935
1005
867
1931
491
582
1045
1315
621
741
1042
155
1461
1376
1658
532
1431
132
1461
946
1316
1319
708
1229
1958
1442
225
167
1665
2
1928
438
291
1640
1095
1629
1760
450
1559
809
177
1553
580
372
