2000
1373 1088 545 1696 406 1467 1460 1529 1729 425 100 792 1718 789 1118 1653 628 1394 1433 1563 921 1407 745 62 1517 1759 440 763 1823 1641 1835 508 939 1659 1496 1534 426 511 1393 874 1371 1371 756 697 944 1710 1559 116 696 195 410 809 977 33 307 516 430 409 282 1533 703 1061 628 1290 599 601 1506 819 623 211 1608 1014 634 222 411 1751 851 1013 614 1894 1162 156 1482 647 1250 1834 1660 1183 87 84 1430 1584 1310 1588 1616 1530 1165 1277 1725 1496 504 988 434 69 666 72 699 403 1297 869 1878 331 1137 1756 151 230 1519 1077 596 922 1840 1066 477 281 1212 898 1052 1472 446 570 1346 709 979 971 1025 1617 1299 1034 1866 1847 831 75 565 805 1386 963 1379 288 971 1654 1446 1720 1292 629 1324 526 135 1648 592 544 364 1067 1851 1049 800 1288 1288 1123 1871 1415 1147 615 1304 547 1025 832 1313 8 173 416 659 721 1452 70 866 824 1368 1455 1329 744 308 1355 1841 858 569 988 1533 29 1859 717 1789 810 1388 583 1711 631 1901 236 1296 1754 880 211 1870 1227 161 1090 310 366 1186 733 1619 913 1258 1612 1325 426 1851 826 1401 1565 1126 91 1100 408 629 875 1658 1899 729 967 1807 1645 320 1346 171 1436 1096 742 1820 142 592 863 1330 92 1797 331 1201 1593 1746 787 1896 232 1548 144 805 1887 1237 327 229 1518 699 1002 1010 421 303 1314 9 1203 1590 1705 518 1819 905 597 165 1527 1624 1832 1564 450 1878 37 93 816 1476 55 93 343 1891 1791 220 561 1057 197 1503 1060 127 118 1634 1656 199 1094 774 1722 664 33 1750 15 653 1780 1240 1047 1479 1552 609 1254 328 954 356 849 180 136 1111 322 52 1465 1525 804 358 256 1535 177 1490 1797 55 507 1391 1183 1475 1854 617 1028 330 1456 508 1317 204 1557 879 459 1070 1119 217 365 1038 1084 602 1430 1847 1869 1577 627 728 1256 480 1075 1162 1880 1110 622 1476 1070 551 1825 1092 1397 1640 777 1867 1697 1600 583 157 110 1736 1491 769 1142 389 248 760 783 533 1375 1216 1663 1889 1424 669 1058 1261 616 1524 721 557 600 1540 968 1606 314 1235 1301 1512 1026 653 134 1349 393 669 1312 842 1550 165 394 1341 309 1229 1112 846 1640 1347 815 162 340 577 334 1241 1677 1167 418 1875 793 1264 951 1772 1795 44 1114 463 1540 1387 976 1218 1532 1287 1403 1691 1135 71 1106 623 116 538 1237 176 111 785 193 1528 1362 1709 710 1187 1475 949 1012 504 503 1634 1224 242 352 112 132 1308 1109 310 1361 129 1539 653 414 536 226 814 472 69 104 1629 323 1680 22 816 301 1132 749 1324 582 778 1457 1019 70 94 1249 983 52 149 1342 1078 779 1623 1145 1007 604 995 936 345 30 1015 81 421 1536 264 1615 1755 898 728 854 759 1103 1781 1398 1455 1638 396 147 110 706 1728 1147 68 687 334 281 97 1841 1120 21 1313 832 233 34 706 88 1795 1286 238 1441 814 1488 1235 741 1406 1130 636 1000 1875 409 920 683 488 1139 1352 854 21 781 1355 16 1340 270 361 1191 664 986 1679 1352 42 1229 399 1683 1065 810 997 1682 1866 1887 1734 1650 460 316 203 1525 897 1188 1344 92 1910 654 1806 1724 782 448 63 1659 72 779 1477 1204 1461 443 1439 1162 1221 1197 959 1545 1046 164 1456 426 427 243 1049 521 1664 1692 1181 1834 97 10 1758 50 937 987 1638 907 1491 1829 1292 1521 1671 1119 563 1596 1862 1387 1156 1795 219 759 675 435 1646 1210 1261 1864 1074 1610 200 560 901 121 1543 1166 649 1394 1385 1406 808 1883 70 285 1531 407 540 575 1865 1350 1868 466 1062 518 293 224 418 1632 387 215 1297 1629 664 355 285 416 1717 1728 244 1360 572 376 1102 1733 812 1031 1125 776 622 798 895 47 1322 229 1480 1490 849 1519 849 1364 1330 1592 776 1436 600 319 348 508 1439 1822 556 1847 365 1732 208 789 1192 857 806 1624 1072 1418 1382 1115 240 368 1201 784 308 382 1397 1461 397 989 164 31 1024 375 1742 480 1172 325 1867 1451 1202 1800 711 1050 1901 182 464 806 1099 286 1595 1243 1661 571 1051 1564 1811 1128 421 3 839 308 109 205 1270 344 118 1909 1603 1723 1786 1263 1463 1475 90 1856 544 488 1296 1365 1194 663 600 1590 1416 1816 748 1604 811 898 381 71 758 302 251 933 1502 883 1882 1105 1154 40 1755 375 164 1638 792 622 397 428 1328 201 112 1899 1730 725 133 227 1791 397 1463 461 461 1865 206 524 982 220 1331 1756 555 801 1295 554 842 1636 1484 1319 1040 1273 567 1073 1157 79 406 1831 1563 742 590 1373 1540 8 739 834 1232 132 1842 1275 1375 1585 643 1876 1160 428 1316 705 770 1524 836 1172 1893 1628 696 927 504 318 947 1161 1577 1594 1638 145 214 1813 1172 473 1066 1628 350 489 1174 740 1280 834 1054 1274 161 565 1748 1112 1276 1549 1886 698 800 1359 1601 1405 36 109 1899 957 768 748 27 1487 174 556 64 868 1849 828 350 1801 1462 475 745 935 723 1353 1429 996 562 1720 628 752 809 1313 1600 1101 1359 1167 689 1874 1797 1400 314 527 1316 1631 606 1359 165 948 1637 365 1216 78 1321 313 920 1010 121 1676 607 1003 756 933 3 1511 45 913 254 1282 1343 1193 793 1235 757 500 918 134 1791 1161 498 314 306 1714 1169 578 224 941 1036 522 265 1025 1586 619 1024 679 713 1554 1329 1045 1810 424 1707 1805 907 1172 1746 711 416 937 1588 210 621 545 1582 948 793 124 318 323 1125 71 931 1237 1435 499 880 519 643 1409 1068 779 1646 173 179 1006 399 920 1377 428 1567 1863 306 1686 1589 763 1292 94 1305 257 760 1685 979 1216 1726 617 1412 912 1130 657 1521 38 1729 1909 253 503 1157 1113 115 1329 1 1589 451 625 350 579 1281 332 1811 1676 1690 1083 1541 1358 1910 92 1503 1391 793 1843 205 151 995 773 1899 78 83 1720 606 598 1651 164 338 998 1053 320 1320 1910 1454 111 1061 518 1404 1318 1484 1732 1213 664 728 675 1035 634 781 1841 741 279 927 1886 317 1357 813 108 163 1210 1496 404 1687 1579 1487 1884 1137 1564 1764 1728 1028 1089 1430 1499 1498 1084 1837 1041 1751 628 298 647 1454 556 375 719 613 1224 1084 1367 418 1384 1023 922 1230 1079 100 1452 394 1607 307 1386 755 1414 350 1728 1346 1618 267 1048 406 1903 747 1317 1528 948 87 133 1779 445 1711 253 302 713 1149 911 1793 730 1714 859 880 1232 1510 1908 899 297 543 1308 675 313 210 356 1598 110 462 758 903 1771 1167 634 1588 14 1504 1899 1345 635 1667 1684 1556 284 1532 1666 1206 417 435 1704 1254 1844 313 1516 350 900 1383 1760 1568 1480 639 1168 990 1673 920 1226 1860 1585 482 1705 627 1768 578 929 724 920 1074 331 1654 1508 1140 450 618 640 1890 737 995 1245 1720 641 829 980 929 856 1373 1471 319 779 486 1058 929 1423 175 1453 834 343 503 1665 776 439 284 135 93 167 183 1473 1703 945 960 1429 1598 744 1578 1035 496 1335 1848 986 203 1214 382 660 1833 1650 1006 321 929 734 753 104 1672 58 838 1895 1191 1131 1704 967 896 45 1520 1447 1445 110 745 1259 874 970 1556 686 1795 1085 516 1794 318 843 202 370 430 417 662 310 906 1572 753 809 1434 958 1301 1270 591 58 1669 1717 659 974 923 1396 1166 855 1087 1487 524 301 364 1432 1172 1363 1901 1097 130 1806 1676 506 384 822 1702 793 1651 1509 807 1877 458 431 1667 1248 1053 721 343 664 1113 1391 451 606 857 977 1900 266 1874 728 1256 1415 86 1557 382 1566 878 1009 1561 297 1331 212 1901 1346 522 782 6 1446 1175 850 1151 500 1307 1477 1693 1207 1588 532 1051 1817 572 1089 1077 1364 458 982 1282 291 429 797 762 154 1578 182 885 1021 1116 264 9 1480 680 449 36 1106 488 955 1200 1273 799 1859 91 1774 1318 1891 580 1797 1784 167 1502 1603 1615 249 451 1582 1278 1803 627 539 978 1444 1667 1371 1131 1177 716 1198 661 1667 412 664 1328 515 1902 437 537 733 436 516 1111 1041 641 1909 677 1476 564 1146 688 1637 1429 246 80 1078 1620 1454 1502 856 1029 1816 1458 687 1579 1121 1434 1077 2 93 182 315 622 250 1333 1874 104 1312 1272 1765 954 21 1636 1497 1819 1750 461 230 212 1015 7 1380 61 29 860 268 216 1238 1094 343 824 1261 119 832 1265 1671 27 1550 929 1878 1510 1282 626 551 641 1711 1905 942 910 229 929 49 829 698 908 1849 391 766 1813 101 1386 750 685 90 591 528 1529 1150 551 1309 1090 1825 1110 1837 404 854 205 351 1157 242 1011 815 535 1274 317 420 162 264 936 258 165 945 1627 1350 741 1324 1158 1736 339 511 526 106 670 447 441 1536 1007 1833 1403 187 1633 1010 578 1388 1309 1034 1239 1747 1191 1911 1849 953 454 124 765 646 146 1292 1259 915 8 1509 1239 125 1423 1309 384 639 547 1198 147 236 929 1253 1395 1447 179 185 265 485 1904 1539 1200 1051 1069 539 1743 611 23 72 219 987 1859 1594 421 8 1897 799 1102 1808 539 931 387 1293 1616 295 506 260 1894 765 1868 1414 891 1423 225 1237 952 1095 1476 248 1656 1289 1341 1895 820 1199 380 1809 924 1720 697 398 290 128 1376 502 1380 382 1772 441 1122 1893 1490 1355 195 589 372 1288 1736 1275 1804 1370 560 451 822 685 1050 989 368 55 1694 1055 620 646 270 1406 1864 1001 1418 1910 1116 806 27 1476 589 140 398 594 35 222 321 947 59 1026 409 1474 35 1251 101 1183 580 190 92 1088 96 520 983 1026 151 231 1315 1370 197 724 1808 299 479 413 1420 349 286 1564 1891 1072 1694 1127 1675 574 1265 1490 1703 195 1191 1210 746 998 1860 790 1502 570 1772 1135 1075 1279 1883 1854 1175 971 1813 309 506 998 1561 1545 1761 1128 573 1416 1008 310 246 841 561 90 382 1758 357 1361 1568 767 1829 1151 1606 1793 135 751 226 1588 1603 1654 1684 1312 658 1154 89 39 785 1696 1768 1187 694 890 1778 1005 1842 663 1130 105 678 485 1290 744 589 1467 104 1561 255 1113 1692 1249 1575 712 1463 1294 160 1289 1235 1720 532 503 193 1118 3 1769 1869 65 1743 343 1354 1184 953 1906 323 1366 1010 1702 996 1061
1804
1779
367
697
31
594
594
464
1087
1242
1263
1931
1538
1344
1092
1426
522
711
205
1772
1590
615
1510
340
1851
735
568
1325
1642
1360
467
1925
1400
1748
1512
205
931
1360
238
923
1121
238
479
1406
1811
1580
1786
649
1538
565
1660
846
1252
1342
357
478
353
136
834
1885
186
1022
298
122
1385
1504
1265
235
1047
1510
203
483
858
1620
619
764
524
171
159
1870
875
991
1084
462
1332
1167
1410
1501
830
1325
294
405
1658
682
537
345
345
1512
556
1180
1489
1193
1380
917
1180
638
807
990
181
1678
938
638
994
687
1547
1249
517
1253
1751
1657
128
166
100
149
136
1678
298
240
111
1785
934
1904
665
294
846
1060
1427
738
1232
1222
717
1062
655
1426
1119
1693
887
252
1410
1449
1190
109
1580
35
62
84
1586
1337
203
1576
1152
1963
1617
1138
1891
508
386
1010
1191
1293
831
1429
132
343
70
1459
1060
636
1336
934
798
1229
367
1125
136
1442
113
1460
204
682
1265
973
830
1057
499
1042
1092
464
712
1668
1067
1748
989
529
912
524
1370
560
749
1084
1776
1882
1212
420
469
1025
1725
1066
1222
1786
716
50
680
187
1801
1458
293
1455
1636
1167
1377
1827
764
101
1566
1254
524
1325
527
712
873
1314
1677
258
984
1700
965
368
1574
1551
1213
286
1467
252
1310
643
1257
306
1574
64
1940
1013
807
1377
40
1439
1831
634
777
1827
590
29
1849
419
1502
912
1491
1084
1665
1293
1022
113
1402
748
514
1827
896
912
113
1678
344
875
1499
1676
1996
199
1213
1727
1558
228
1106
934
252
1254
1159
424
1219
643
385
134
1885
943
1528
386
1735
923
484
362
1113
1171
1810
653
1125
1374
235
1853
1285
157
362
1113
378
1292
1827
1904
1564
1862
1069
1282
815
1458
1729
1622
1595
504
1341
618
1402
1292
1458
390
1368
1832
1014
1899
579
760
1293
1337
293
52
872
1063
1241
1891
478
499
345
886
420
800
359
1867
928
1321
37
338
1389
579
341
1987
277
1242
1734
524
258
1007
679
582
1564
917
1026
394
1651
599
245
353
1427
1937
1598
1392
795
331
389
936
1784
815
1722
851
881
1357
1095
1553
680
1335
1265
1622
1382
1901
1798
664
1093
1386
1831
1063
204
435
1392
288
511
1750
903
340
1517
1471
1987
238
473
1676
1484
113
858
663
557
232
1809
1492
1457
1310
683
1556
1232
717
1830
416
1863
944
100
840
303
304
319
1279
735
686
75
1887
359
258
1036
454
1771
75
1994
1257
429
1275
128
1660
1235
1162
1670
944
1499
1639
564
1369
1277
1414
1819
1160
400
498
1730
708
235
930
1589
238
520
116
1257
954
293
912
714
654
318
1742
439
682
144
641
568
1458
166
1993
549
1622
410
989
790
305
1
1901
1406
1716
317
1231
65
534
595
1263
394
898
1240
1910
367
900
238
1298
527
334
778
169
923
1925
679
1758
1340
931
855
255
360
1506
894
1
1899
800
1357
628
437
1725
1887
520
678
715
636
880
982
1831
375
1863
686
896
1751
529
759
268
1791
1705
70
1231
1894
76
1691
369
1222
783
1335
1090
1620
268
167
1751
1114
426
934
1748
522
1062
1722
1127
956
186
562
703
1800
1127
1889
1087
636
1279
35
136
985
1758
565
886
1809
1426
14
678
672
1878
543
1760
1528
1846
41
799
504
1847
342
1650
557
1682
1729
1184
1595
590
931
1669
1444
363
1651
1299
1666
439
603
1620
1257
428
1286
446
309
1166
1899
1648
943
1159
748
935
669
126
370
286
86
1893
1519
1595
1292
1122
1994
1535
383
1341
626
1831
636
1854
1832
410
1279
1878
922
487
127
166
109
1286
1947
527
850
1418
772
1458
1293
1171
1765
562
498
1538
872
479
267
1338
1499
1236
1966
1321
1098
637
636
1432
800
344
981
1499
1151
857
1968
679
1800
735
1949
846
679
524
530
1571
876
136
1242
1
636
158
638
1668
1026
1980
318
828
1158
1932
1261
96
293
844
26
1899
105
943
846
1940
178
582
717
557
298
342
336
1879
1843
1013
108
1680
278
1395
1640
1362
931
1826
1020
190
1206
1113
1548
1577
1796
455
960
1036
268
160
415
1187
688
106
1960
56
1545
934
1740
1700
350
1618
403
564
1430
1365
196
1362
1437
1378
595
1455
75
1711
1748
1291
871
127
334
298
57
1868
1365
397
1115
95
1011
907
789
1766
1115
912
627
28
1146
1818
1288
1426
1716
289
1411
5
410
831
1768
1488
191
1795
1043
695
524
317
919
237
127
366
1532
1713
1964
1426
489
1589
1254
146
35
687
1394
849
186
69
508
424
1342
723
990
1954
486
64
723
729
926
83
804
160
928
636
980
1940
292
1654
298
938
292
598
21
169
857
1811
199
1130
425
73
1486
52
1977
1179
261
1060
703
492
288
1439
1151
640
1210
62
1260
1831
1428
565
527
1669
1976
301
1293
273
113
729
1605
922
1427
1885
1728
394
552
1193
1413
549
994
1442
733
703
293
1824
1434
1708
1113
1063
568
176
1868
1591
1532
1397
907
1916
1085
160
1179
1729
473
425
1022
1426
410
258
1486
1760
1486
462
1721
219
1372
484
1430
1908
988
1973
894
870
1323
1354
425
658
277
1106
40
1882
366
875
1337
297
1282
777
1292
424
298
1119
363
758
57
543
1688
1421
965
467
886
932
1885
886
643
1478
410
922
1861
1458
1633
1851
1236
646
1884
114
46
1814
1162
1700
446
1037
1574
226
875
817
689
1263
1786
591
240
898
602
869
729
342
35
1352
1868
765
1187
729
1042
1854
317
881
1828
1072
985
1519
202
398
563
1231
1655
672
113
1868
1357
1220
505
1729
385
318
994
1954
317
641
35
1020
884
803
1665
178
1900
1894
1636
695
893
1987
1870
1839
735
1047
1584
4
52
410
1392
980
297
189
1026
1375
1392
983
1574
40
1893
1168
1113
1660
382
1215
1832
1321
996
649
1021
1999
1502
1460
386
1445
1402
589
1838
1786
909
464
1402
962
773
1495
268
22
687
716
1392
943
1863
923
1285
186
825
1831
568
403
1546
1342
923
1794
343
286
872
1755
204
1265
365
524
1867
894
1249
1564
1548
544
172
109
719
428
385
1199
542
1974
687
557
398
133
28
362
280
1229
1521
176
1327
1189
358
896
420
1014
84
1215
955
985
630
1832
1546
1654
163
996
1198
1914
1801
1406
9
448
385
1973
511
435
748
831
1406
1063
1018
1737
1860
1346
1824
1901
1220
238
1802
1716
1292
1538
1566
1357
1159
1803
955
770
1395
127
1130
520
994
1427
1751
1633
846
963
1375
679
360
621
1849
643
492
1767
981
1651
1817
691
1267
540
1026
1342
637
1840
397
672
1407
834
1741
62
1863
643
1564
1293
945
424
510
1574
132
502
533
1655
733
754
90
746
1044
1541
284
935
136
1121
712
1704
578
247
1414
686
680
1130
1971
1887
1099
886
1336
636
876
950
305
1113
1154
109
1467
1512
1494
1254
284
1367
253
1650
1056
1584
1636
236
1406
127
1741
227
191
1770
1879
723
46
1639
1994
16
106
1094
729
1504
1800
1952
723
100
1305
538
1064
1832
815
126
1044
120
399
1898
1417
1709
1
340
253
353
79
817
754
1038
87
403
1596
1353
939
524
469
502
943
992
1321
1741
1651
191
1796
1335
1676
1293
1811
154
1654
514
524
1994
487
140
439
1939
389
522
249
181
540
1498
670
373
38
1026
101
1203
1791
1205
986
293
1865
1905
1357
1470
1913
123
1557
879
264
319
1293
369
1612
359
1389
1670
1451
588
813
1389
1472
896
281
207
529
1219
271
1885
1645
1012
524
126
1777
419
410
249
682
39
481
1545
754
988
591
70
101
1010
238
13
1155
166
540
143
527
1
757
273
107
1680
673
1863
440
1288
191
628
875
1842
1558
644
253
319
321
1056
1427
1298
727
1289
142
273
1841
297
235
641
524
1870
1092
879
1137
397
579
1342
1777
208
1861
1367
673
160
1230
359
285
886
562
759
1718
564
1594
1819
50
1326
334
341
84
1994
1284
964
318
52
727
1284
1946
538
454
907
1464
574
1021
1849
1567
529
1293
1430
669
1407
759
579
1409
1532
1442
1818
522
28
298
1987
1026
528
108
266
1777
1646
147
1424
960
84
524
382
1220
1571
578
1292
1408
1488
26
1
1213
733
1831
198
237
191
171
870
105
990
446
1854
815
1557
207
1407
27
1801
1654
647
874
57
45
382
330
205
590
756
809
27
196
1088
1392
1731
1340
1898
788
1439
1536
257
27
1997
844
371
659
422
1099
1293
1868
285
679
1963
875
95
1239
977
736
1620
345
1115
1840
1884
626
1259
268
227
345
1369
1791
191
187
1334
292
216
691
1247
136
1786
557
1720
1486
40
1678
344
1055
1103
456
1791
385
1665
68
1787
1439
1063
481
1244
578
147
1817
1367
964
1161
1716
1320
366
1693
744
886
988
1803
1094
205
283
1587
115
977
1809
1191
1
1744
298
1888
1325
1070
1802
898
312
386
850
161
1676
1115
1121
428
915
568
1865
238
28
917
534
1572
293
1570
591
5
1137
1337
1372
911
70
120
664
425
460
1572
707
769
1748
310
1460
1024
1674
1446
815
333
936
736
29
963
407
298
369
1811
1208
1430
1937
1966
595
1711
1796
172
1370
283
142
348
1232
769
1220
1152
1
61
76
268
280
310
1776
943
1827
1620
1106
134
1538
187
1299
1321
1336
1731
504
1070
717
1200
1125
189
136
1415
638
1224
759
540
602
414
1791
362
75
1091
1119
1850
385
1858
681
486
944
524
1975
574
85
311
969
1198
1665
1786
626
989
369
1885
294
186
103
809
1781
844
1241
1106
1927
1929
746
887
1178
46
846
69
401
575
911
987
317
1750
291
638
113
1380
562
881
136
136
538
1678
1992
937
334
540
1857
987
1151
1044
1937
760
438
451
1669
963
1458
881
527
1313
582
1527
1236
1239
70
68
789
844
1618
1407
1222
331
1297
1446
1213
688
40
1076
908
1457
1717
1992
161
836
237
160
406
679
1870
123
133
727
201
1
1744
478
223
540
1839
228
1844
1098
1588
1907
1420
511
64
424
86
404
690
1757
353
1786
1506
719
735
39
523
1947
1444
1875
1490
1776
757
748
1444
894
1777
1395
133
1222
1463
1498
92
954
944
729
735
1605
944
1634
1598
872
1110
440
1564
896
1529
1931
428
844
1137
27
226
1250
1324
136
105
1389
70
561
1024
1904
1251
1196
1574
1040
1458
366
1777
1779
1042
1279
1247
557
179
330
1704
1963
1440
330
1317
1484
940
467
986
619
1349
1007
1622
1690
1998
881
355
386
301
385
1489
867
1660
137
1218
1213
1728
1127
680
