10000
3 2 2 1 2 2 1 2 1 2 2 2 2 1 1 2 1 2 1 1 1 1 1 1 2 2 2 2 2 2 1 2 2 2 2 2 1 1 1 2 1 2 1 1 2 1 1 1 2 2 1 1 1 2 2 1 1 1 1 2 1 1 1 2 2 1 1 2 1 2 1 2 1 2 2 1 2 2 2 2 2 1 1 2 1 1 1 2 2 1 1 2 2 2 2 1 1 1 1 2 1 2 1 2 1 2 1 2 2 2 2 2 2 1 2 2 1 2 1 1 1 1 2 2 1 2 1 2 1 1 2 2 2 2 1 2 2 2 1 2 1 2 2 2 2 1 2 1 1 2 1 2 2 1 1 2 1 1 2 1 1 1 2 2 1 1 2 2 2 2 1 2 2 2 2 1 2 2 1 1 2 1 1 2 2 1 2 1 2 2 2 1 2 2 1 1 2 1 2 1 1 2 1 2 2 2 1 2 2 1 1 1 1 2 2 2 2 2 1 1 1 1 2 1 1 1 1 1 2 1 2 2 2 1 2 2 2 1 2 1 2 2 1 1 1 2 2 2 2 1 1 2 2 2 1 2 2 2 1 1 1 2 2 1 1 2 2 2 1 1 1 1 2 1 1 2 1 1 2 1 2 2 2 2 1 1 2 1 1 1 2 2 2 1 1 1 1 1 1 1 1 1 1 2 1 1 1 1 1 2 2 2 1 1 1 1 1 2 2 1 1 1 1 2 2 2 2 1 1 1 1 1 2 1 1 2 2 2 1 1 2 2 2 1 2 1 2 1 2 2 2 2 2 2 1 2 2 1 1 1 2 1 2 2 2 2 1 1 2 1 1 1 2 2 2 2 2 1 1 2 2 2 1 2 2 2 2 1 1 1 2 1 2 1 2 1 1 2 2 2 1 2 2 1 1 1 1 1 1 1 2 2 2 1 2 2 2 2 1 2 2 2 1 1 2 1 1 1 1 2 2 2 2 2 2 1 2 1 2 1 2 1 1 2 2 2 1 2 1 2 1 2 2 2 2 2 2 1 2 1 1 2 1 1 1 1 2 1 2 2 2 2 1 2 1 1 1 2 1 2 1 2 2 1 2 2 1 2 1 1 1 1 2 1 2 2 2 1 1 2 1 2 2 2 2 2 1 2 1 1 2 1 2 2 2 2 2 2 2 2 1 2 1 2 1 1 1 2 2 2 2 1 1 1 1 2 2 2 2 1 2 2 2 2 1 1 1 1 2 1 2 1 2 2 1 2 1 1 2 2 2 2 2 1 1 1 2 2 2 1 1 2 2 2 1 1 1 1 1 2 1 1 2 2 2 2 1 2 2 2 2 1 2 2 2 2 2 2 1 1 2 1 2 2 2 1 2 1 2 1 2 1 1 2 1 1 1 2 2 2 1 1 2 2 1 2 1 2 1 1 1 2 2 1 2 1 1 1 2 1 2 2 1 2 1 1 1 2 1 2 1 1 2 2 2 1 1 1 2 2 1 2 2 2 2 1 2 1 2 1 2 2 2 2 1 2 1 1 1 2 1 2 2 2 1 1 2 1 2 1 1 1 1 2 2 2 2 1 1 1 2 1 2 2 2 1 1 2 2 1 1 2 1 1 2 1 1 1 1 1 1 1 1 2 2 1 2 1 1 2 2 2 1 1 2 1 1 2 1 2 1 2 2 2 1 2 2 2 1 1 1 2 1 1 2 1 2 1 2 2 2 1 2 2 2 2 2 2 1 2 1 2 1 1 2 2 2 2 1 1 1 1 2 2 2 2 1 1 2 1 2 1 2 1 1 1 2 2 1 1 1 1 2 2 1 2 1 2 2 2 1 1 2 1 2 1 2 2 1 2 2 1 2 1 1 1 2 1 1 2 2 1 2 2 1 2 2 2 2 1 2 2 2 2 2 2 1 1 2 1 2 2 1 1 1 2 1 2 2 2 1 1 2 1 1 1 1 2 2 2 1 1 1 2 1 1 1 2 1 1 1 1 2 2 1 1 1 2 2 2 1 1 1 1 1 1 1 1 1 1 2 1 1 1 1 1 2 2 2 2 2 1 2 1 2 1 1 1 1 2 2 1 1 1 2 2 1 2 1 1 2 1 2 2 2 2 2 1 2 1 2 1 2 1 2 2 1 1 2 1 2 2 2 1 1 2 2 1 2 2 2 1 2 2 2 2 1 1 2 2 1 2 2 1 2 2 1 2 1 2 1 1 2 2 2 2 1 2 1 1 2 2 1 2 1 2 1 1 2 2 2 1 2 2 1 2 1 1 1 2 1 2 1 2 2 1 2 1 2 1 1 1 1 2 2 2 2 2 1 1 2 2 1 1 1 2 1 1 1 2 1 2 2 2 1 1 1 2 1 2 2 1 1 2 1 1 2 2 1 2 2 1 2 2 1 1 2 2 2 2 1 2 2 2 2 2 2 1 1 2 2 1 1 1 2 1 2 1 1 2 2 1 2 2 2 1 2 1 1 1 1 1 2 2 1 2 2 1 2 2 2 2 2 2 2 2 2 1 1 2 2 1 2 1 2 1 2 1 1 2 2 1 1 2 2 1 1 1 1 2 1 1 1 2 1 1 1 2 1 1 2 1 1 1 2 1 1 1 1 2 2 1 2 2 2 2 1 2 2 2 1 2 2 2 2 1 1 1 2 2 2 2 2 2 1 2 2 2 2 1 2 2 2 1 2 2 2 1 2 2 1 2 1 2 1 2 2 2 2 2 1 2 1 2 1 2 1 2 2 2 1 1 1 1 2 2 1 2 2 1 2 2 1 1 2 1 2 1 2 1 1 2 2 2 1 1 1 2 1 1 1 1 1 2 2 1 2 1 2 2 2 2 1 1 2 1 1 1 1 2 2 2 2 1 1 1 1 2 1 1 1 2 2 2 1 1 2 1 2 1 2 1 2 1 1 1 1 1 1 1 1 2 1 1 1 1 2 2 2 2 2 1 1 2 1 2 1 2 1 1 2 2 1 1 1 2 2 2 1 2 1 1 2 1 2 2 1 2 1 2 2 1 2 2 1 2 2 1 2 2 2 1 2 1 2 1 1 1 1 1 2 1 2 1 1 2 1 2 2 1 1 1 1 1 2 2 2 1 2 1 2 2 1 1 1 2 2 1 2 1 2 2 1 2 2 2 2 1 2 2 1 2 1 2 1 1 2 1 1 1 1 2 1 1 1 2 2 1 1 2 1 2 2 2 2 1 2 1 2 1 1 1 1 2 1 1 2 2 1 1 2 2 1 1 2 1 1 1 2 1 1 1 2 2 1 2 2 1 2 2 1 2 1 1 1 1 2 2 1 2 1 2 1 2 2 2 2 2 2 2 2 1 2 2 2 1 1 1 1 2 2 2 2 1 1 1 1 2 1 2 2 2 2 2 2 2 2 1 2 1 1 1 2 2 1 1 1 2 2 1 1 2 2 1 1 2 1 2 2 1 2 2 2 2 1 1 1 1 1 1 1 1 2 2 1 1 2 2 1 2 1 2 1 1 1 2 1 1 2 2 1 1 2 1 2 2 1 2 2 1 1 2 2 1 2 2 1 1 2 2 1 2 2 1 1 1 2 2 2 2 2 1 2 1 1 2 1 1 1 2 2 2 2 2 2 1 1 1 1 1 1 1 2 2 2 1 2 1 2 1 1 2 2 1 2 2 1 1 2 2 1 2 1 2 2 2 1 1 1 2 1 1 2 1 1 2 1 2 1 2 1 2 2 2 2 1 2 1 2 2 1 2 1 1 2 2 2 2 1 1 2 2 1 1 2 1 1 1 1 1 2 1 2 1 2 1 2 1 1 2 1 1 2 1 2 1 2 2 1 1 2 1 2 2 2 1 1 1 1 2 2 2 1 2 2 1 1 1 2 2 2 1 1 1 2 1 1 1 2 1 1 1 2 1 1 1 1 2 1 2 1 2 2 2 1 2 1 1 1 1 2 2 1 1 1 2 2 1 2 1 1 2 2 2 1 2 1 1 2 1 1 2 1 1 2 2 1 1 1 1 1 2 1 2 1 2 2 2 2 2 1 2 2 2 2 1 1 1 1 2 1 2 1 2 1 2 1 1 1 2 2 1 2 2 2 1 1 2 2 1 1 1 1 2 1 1 1 1 2 2 2 1 2 2 1 2 1 2 2 1 1 2 1 2 2 1 1 1 2 1 2 1 1 2 1 2 2 1 2 2 2 2 1 2 1 2 1 2 2 2 2 2 1 1 2 1 1 2 1 1 2 1 1 1 1 1 1 2 2 2 2 1 2 2 2 1 2 2 1 2 1 1 2 2 1 2 2 2 2 1 1 1 1 2 1 1 2 1 1 1 2 1 2 1 2 2 2 2 2 1 1 2 1 1 2 1 1 2 1 1 1 1 2 2 2 2 1 1 2 2 2 2 1 1 1 2 2 2 2 2 1 1 2 1 2 1 2 1 1 1 2 1 1 2 1 1 2 1 1 2 1 2 1 1 2 1 1 2 1 1 1 2 1 2 1 1 1 2 1 1 2 1 1 1 1 1 1 1 1 2 2 2 2 2 1 1 1 2 2 2 2 2 1 1 1 2 2 2 1 2 2 1 1 2 1 2 2 1 2 2 1 2 2 2 2 1 1 1 1 2 2 2 1 1 2 2 2 1 1 2 2 1 2 2 2 1 1 1 2 2 2 1 2 2 1 2 1 2 2 1 1 1 2 2 1 1 1 2 2 2 2 2 2 1 2 1 1 1 2 1 2 1 2 2 1 2 2 1 2 2 2 1 2 1 2 2 2 2 2 1 1 2 2 1 2 2 2 1 1 2 2 1 2 2 2 2 1 2 2 2 2 1 1 1 1 2 2 2 2 2 1 1 1 2 1 2 2 1 1 1 2 1 1 2 2 2 2 2 1 2 1 2 2 2 2 2 1 2 1 2 2 1 1 2 1 1 2 1 1 1 2 2 2 2 2 1 1 1 2 2 1 2 1 1 1 1 1 1 1 2 2 2 2 2 1 1 2 2 2 1 1 1 2 1 2 1 1 1 1 2 2 2 1 2 2 1 2 1 1 2 2 2 2 1 2 1 2 2 1 1 2 2 2 1 2 2 2 1 2 2 1 1 2 2 2 1 2 1 2 2 2 2 1 1 1 2 1 2 1 1 2 2 2 1 1 1 1 2 1 2 1 2 1 1 1 1 1 2 2 2 2 2 2 1 2 2 2 1 1 2 2 2 1 2 2 1 2 2 2 2 2 2 2 2 1 1 1 2 1 2 1 2 2 2 2 1 2 2 1 1 2 2 2 1 1 2 1 1 2 2 1 1 1 1 1 2 1 1 2 2 1 2 1 1 1 1 1 2 1 1 2 2 2 1 2 2 2 2 1 2 2 1 1 1 2 1 2 1 1 1 1 1 1 1 2 2 1 1 1 1 2 2 2 1 1 2 1 1 1 2 1 1 2 2 1 1 2 2 2 2 1 1 1 2 2 2 1 2 1 1 2 2 1 1 1 1 2 2 1 1 2 2 1 1 2 1 1 2 1 1 1 1 2 1 1 2 1 1 2 2 1 1 2 2 2 1 2 1 2 1 1 1 1 2 1 2 2 1 1 2 2 2 1 1 1 2 2 2 1 1 1 2 2 2 1 2 2 2 1 2 2 1 2 2 2 1 1 1 1 1 1 1 1 2 1 2 1 2 2 1 2 1 1 1 2 1 2 2 1 1 2 1 1 1 2 2 2 1 1 1 1 1 2 1 1 1 2 1 1 2 1 1 2 2 2 2 1 2 2 1 1 1 2 2 2 2 1 1 1 2 2 1 2 1 1 1 1 2 2 1 1 2 1 2 1 1 1 1 2 1 1 2 2 1 1 2 1 2 2 1 1 2 2 1 1 1 1 2 1 2 1 1 2 1 1 2 1 2 2 2 1 2 2 1 1 1 2 2 1 1 1 2 1 2 2 1 1 1 2 1 1 2 1 1 1 1 2 2 1 1 1 1 1 2 2 1 1 1 2 2 2 1 1 1 1 2 2 1 1 1 2 2 1 1 2 2 1 2 2 1 1 2 1 2 1 1 2 2 1 1 1 1 2 1 2 2 1 1 1 1 1 1 2 1 1 2 1 2 1 1 2 2 1 1 1 1 2 1 1 1 1 1 2 2 1 2 1 1 1 1 2 1 2 2 2 1 2 2 1 2 2 1 1 2 1 2 1 2 1 1 2 1 1 1 2 1 1 1 2 1 2 2 2 2 2 1 1 1 1 2 1 2 2 2 1 1 1 1 2 1 1 1 2 2 1 1 2 2 1 1 2 1 2 1 2 2 2 1 1 1 1 1 1 2 2 2 2 2 2 2 2 1 2 2 2 2 2 1 2 1 1 1 2 2 2 1 1 2 1 1 2 2 1 1 1 1 2 1 1 2 2 2 2 2 2 1 2 1 2 2 1 2 2 2 2 2 2 1 1 2 1 2 1 1 2 2 2 1 2 2 2 2 1 1 1 2 2 2 1 2 1 1 2 1 2 1 1 1 1 1 2 1 2 2 1 2 1 2 1 1 1 1 1 1 2 1 1 1 2 1 1 1 1 2 2 1 2 2 2 2 2 2 2 1 1 1 2 2 2 1 2 1 2 1 1 1 1 2 1 1 1 1 2 1 2 2 1 2 2 2 1 1 2 2 1 1 1 1 1 2 2 2 1 2 2 2 2 1 2 2 2 2 2 1 1 2 1 2 2 1 2 2 1 2 2 2 2 2 1 2 1 1 2 1 1 2 1 2 1 1 1 2 2 2 2 2 1 2 2 1 1 1 2 2 2 2 1 1 1 2 1 1 2 2 2 1 1 2 2 1 1 1 1 2 1 1 1 2 2 2 1 1 1 1 1 1 1 2 2 2 2 1 2 1 1 2 1 1 1 1 1 2 1 2 1 1 2 2 2 1 1 1 2 2 1 2 2 2 1 1 1 1 1 2 1 1 1 2 1 2 1 1 2 2 2 1 1 1 2 2 2 2 2 2 1 1 1 2 1 1 1 1 1 1 2 1 2 1 1 2 2 2 1 1 2 2 2 1 2 2 1 1 1 2 1 1 1 2 2 1 2 2 1 1 2 2 1 2 1 2 1 1 2 2 2 2 1 1 1 1 1 2 1 1 1 2 2 2 1 2 1 1 1 1 1 1 2 2 2 2 1 2 1 1 1 2 2 2 2 2 1 2 1 2 1 1 1 2 1 2 2 1 1 2 2 1 2 1 1 1 1 1 2 2 2 1 1 1 2 1 1 1 2 2 2 1 1 2 2 1 2 1 2 1 2 1 2 1 1 2 2 1 1 1 1 2 2 1 2 2 2 2 1 2 2 2 2 1 1 2 2 1 1 1 2 1 2 1 1 1 1 2 1 2 1 2 1 1 1 1 2 2 2 1 1 1 2 1 1 1 1 1 2 2 1 2 1 1 2 1 1 1 1 1 1 2 1 2 1 1 1 1 1 2 2 2 1 1 1 1 2 2 1 2 1 1 2 1 2 1 2 2 2 2 1 2 2 1 2 2 1 2 2 1 2 2 1 1 1 1 2 2 1 2 2 2 1 2 2 1 1 2 2 2 2 1 1 2 2 2 1 1 1 1 2 1 2 2 1 1 1 2 2 1 1 1 2 2 1 1 1 2 1 1 1 1 1 2 2 2 2 1 1 1 2 1 1 2 1 1 2 1 1 2 2 2 1 1 2 2 2 2 1 2 2 2 1 2 2 2 1 1 2 1 1 2 1 2 1 2 2 2 2 1 2 2 2 2 2 1 1 1 1 2 2 2 2 1 2 2 1 2 2 2 1 2 2 2 2 1 1 2 1 2 2 2 2 2 2 2 2 2 2 2 2 1 2 1 1 1 1 2 1 2 2 1 2 2 2 2 1 1 2 1 2 2 1 1 1 2 1 2 1 2 2 2 1 1 2 2 2 2 1 2 2 1 2 1 1 2 2 1 1 1 1 1 2 1 2 1 1 1 2 2 2 1 2 1 1 2 1 2 1 1 1 1 1 1 1 2 1 1 1 2 1 2 2 1 1 2 2 1 2 2 2 1 1 1 1 2 2 1 1 2 1 2 2 2 1 1 1 1 1 2 2 2 2 1 2 1 2 1 2 2 1 2 1 2 1 2 1 2 2 2 1 2 2 1 2 2 1 2 2 1 2 1 1 2 2 1 1 1 1 2 1 2 2 1 1 1 1 2 1 1 1 2 2 1 2 2 2 2 2 1 2 2 1 1 1 2 2 1 2 1 1 1 1 1 1 1 1 1 1 2 1 2 1 2 1 1 2 2 2 1 2 1 2 1 2 2 2 1 1 2 2 1 2 1 2 2 1 2 2 2 2 2 1 2 2 1 1 2 1 2 2 1 2 2 1 1 2 1 2 2 1 1 2 1 2 1 2 2 2 2 1 2 1 1 1 1 2 1 2 2 2 2 2 2 1 1 2 1 2 2 2 1 1 1 1 2 1 2 1 1 2 1 1 1 1 2 2 1 2 1 1 2 1 2 2 2 2 2 2 2 1 2 1 1 2 1 1 2 2 1 2 1 1 2 1 1 2 1 1 1 2 1 2 1 1 2 2 2 1 1 1 2 1 2 2 1 1 1 1 1 1 2 2 1 2 1 1 2 1 2 1 1 1 2 1 2 1 2 1 1 1 2 2 2 2 2 1 2 2 2 1 1 1 1 1 2 1 1 1 1 2 1 1 2 1 2 1 2 1 2 1 1 2 1 1 2 2 1 2 1 1 2 1 1 2 1 2 2 2 1 1 1 2 2 1 1 2 2 1 1 2 2 2 1 2 2 2 2 2 2 1 1 2 2 1 1 2 1 2 1 1 2 2 1 2 1 2 1 1 1 2 2 2 2 2 1 2 2 1 1 1 1 2 1 2 1 1 1 2 2 2 1 1 1 2 1 1 1 1 1 1 2 1 2 1 2 1 1 2 1 1 2 2 2 2 1 1 1 2 1 2 2 2 1 1 2 1 2 1 1 2 2 2 2 1 2 1 2 2 2 2 2 2 2 2 1 1 2 2 2 1 2 1 2 2 2 2 2 2 1 1 1 2 1 2 2 1 1 2 2 2 1 1 1 1 2 2 1 1 1 2 2 2 1 1 1 1 2 1 1 2 1 1 1 1 2 1 1 1 2 2 1 2 1 1 1 1 2 2 1 1 1 1 1 1 1 2 2 1 1 2 1 2 1 2 1 1 1 2 2 2 1 2 1 2 2 1 1 2 1 2 2 2 2 2 2 2 1 2 2 1 1 1 1 1 2 1 1 2 2 1 2 1 2 2 2 1 2 2 1 1 2 2 2 1 1 1 1 2 1 2 1 2 1 2 1 1 2 1 2 1 1 2 1 1 1 2 1 2 2 2 1 2 1 1 2 2 1 2 2 2 1 1 2 2 1 1 1 2 2 1 1 1 2 2 1 1 1 1 1 1 2 1 2 1 2 2 1 1 2 2 2 2 1 1 1 2 2 2 1 1 2 2 1 2 1 2 2 1 2 1 2 2 1 1 2 1 1 2 1 2 2 2 2 1 1 1 1 2 1 1 2 1 2 2 2 1 2 2 1 2 1 1 2 1 2 2 1 2 2 1 1 2 2 2 2 1 1 2 2 1 1 2 2 2 1 1 2 1 2 2 2 2 1 1 1 1 1 1 1 2 2 1 2 1 1 2 1 1 1 1 2 1 1 1 1 1 1 1 1 2 2 2 2 2 1 2 1 2 1 1 1 2 1 2 1 2 2 1 1 1 2 2 1 2 2 2 2 2 2 2 1 1 1 2 2 2 2 2 1 1 2 2 1 1 2 2 1 1 2 2 2 1 1 2 1 1 2 1 2 1 1 2 1 2 2 1 2 1 1 2 1 1 2 2 2 2 1 1 1 1 2 2 1 1 2 1 1 2 1 1 2 1 1 1 1 2 1 1 1 2 1 1 2 2 1 1 2 2 1 1 1 2 2 1 1 2 2 2 1 2 2 2 2 1 2 2 1 2 1 1 2 1 2 1 1 2 1 2 1 1 2 1 1 1 2 1 2 1 2 2 2 2 1 1 2 1 2 2 1 1 2 2 1 1 2 1 1 2 1 1 1 1 1 2 1 1 2 2 1 2 1 1 2 1 1 1 2 2 1 1 2 1 2 1 1 1 2 1 1 1 2 1 2 2 1 2 2 2 1 2 1 2 1 2 2 2 2 2 2 2 1 1 1 1 2 2 2 1 2 2 1 2 2 1 2 1 1 2 2 1 1 1 2 1 1 1 1 2 2 2 2 2 2 1 2 2 2 2 1 2 1 1 2 2 1 1 2 2 2 2 2 1 1 1 2 1 2 2 1 1 1 2 1 2 2 1 1 2 1 2 1 2 1 2 2 1 2 2 1 1 2 2 1 1 1 2 1 2 1 2 1 1 2 2 1 2 2 2 2 2 1 2 1 1 2 1 2 2 1 2 2 2 1 2 2 2 2 1 1 1 2 1 1 1 1 1 2 1 2 2 1 1 1 1 1 2 2 1 2 2 2 1 1 1 1 2 1 2 2 1 2 1 2 1 1 1 1 1 1 1 1 2 2 1 1 2 1 2 2 1 1 1 2 1 1 1 1 2 2 1 2 2 1 1 1 1 2 1 2 2 2 1 2 2 1 2 1 1 1 2 2 1 1 2 2 2 2 2 2 1 1 2 1 2 2 2 1 1 2 1 2 2 1 2 1 1 2 2 1 2 2 2 1 2 2 1 1 2 2 2 2 1 1 1 1 1 1 2 1 1 1 2 1 2 2 1 1 1 1 2 1 1 1 2 1 1 1 1 1 2 1 2 2 1 2 2 2 1 1 1 2 2 2 1 1 2 1 1 2 2 2 1 2 1 2 1 1 1 1 1 2 2 1 2 2 1 2 1 1 2 2 1 2 1 1 1 1 1 2 2 2 1 2 2 2 2 2 2 2 2 1 2 2 1 1 1 2 2 1 2 2 2 1 1 1 1 1 1 2 2 2 1 2 1 2 1 2 1 2 2 1 1 1 2 2 1 2 2 1 2 1 1 2 2 2 1 2 1 1 1 2 1 2 1 1 2 1 1 1 1 1 2 2 1 2 1 2 2 2 1 1 1 2 1 1 2 2 2 2 1 1 1 1 2 2 2 2 2 2 2 2 2 1 2 2 1 2 1 2 2 2 1 2 2 1 1 2 2 2 2 1 1 2 2 1 2 2 2 2 2 2 1 1 1 2 2 1 2 1 2 2 1 2 1 1 1 2 1 2 1 2 1 2 1 2 2 1 2 2 1 2 1 1 2 2 2 2 2 1 1 1 1 2 2 1 1 1 1 2 1 1 2 1 2 2 2 2 1 1 2 2 2 2 2 1 2 2 2 2 1 1 1 2 1 1 1 2 1 2 2 1 2 2 1 1 2 1 1 2 2 1 2 2 2 1 1 2 2 1 2 2 1 1 2 2 1 1 1 1 2 2 2 1 2 1 1 2 1 1 1 2 1 1 1 2 1 2 1 1 1 1 1 1 1 1 2 2 2 2 2 2 1 2 1 1 1 2 2 2 2 1 2 1 1 1 2 2 1 1 2 2 2 2 2 2 2 1 1 1 2 2 1 1 1 1 2 2 1 2 2 2 1 2 1 2 1 1 2 2 2 1 1 2 1 2 2 2 1 2 2 1 2 2 2 2 1 2 2 1 1 2 1 2 2 1 2 1 1 1 1 1 2 1 2 1 2 2 2 1 2 2 2 1 2 2 2 2 1 1 1 1 2 2 2 1 1 1 2 2 2 2 1 1 1 2 1 2 2 1 2 2 2 1 1 1 2 1 1 1 2 2 2 2 1 1 1 1 1 2 2 2 1 2 1 1 2 1 2 2 2 1 1 2 2 1 1 1 2 2 2 2 2 1 2 2 1 2 2 1 1 1 1 1 1 1 1 2 1 1 2 1 2 1 2 2 1 1 2 1 1 2 2 1 2 2 1 2 1 1 1 2 2 2 2 1 2 1 1 1 2 1 1 1 1 2 1 1 1 1 1 1 2 1 2 1 2 2 1 1 1 2 2 2 2 1 1 1 1 1 1 2 2 2 1 2 2 1 2 2 1 1 1 2 1 1 1 2 2 2 1 1 1 1 2 1 1 1 1 2 1 2 2 1 1 2 1 1 2 2 1 1 2 1 2 2 1 1 1 2 1 1 2 2 1 1 1 1 1 1 1 1 1 1 2 1 1 1 2 2 2 2 1 2 1 1 1 2 2 2 1 1 2 2 1 2 1 1 1 2 2 2 1 1 2 2 2 2 1 2 2 1 1 2 1 1 1 1 1 2 1 1 2 2 2 1 1 2 1 1 2 1 2 2 2 2 1 1 1 1 2 1 1 2 1 1 2 2 2 2 1 1 2 2 2 1 2 1 1 2 2 1 2 2 1 2 2 1 2 1 1 1 2 1 2 1 1 2 1 2 2 2 2 1 1 1 1 1 2 1 2 2 1 1 2 2 1 2 1 2 1 1 2 2 2 1 1 1 1 1 1 1 2 1 2 2 2 1 1 1 1 1 2 2 2 1 1 2 2 1 1 1 2 2 2 1 1 1 2 1 2 2 1 2 2 2 2 1 1 2 2 2 2 2 1 1 1 2 1 1 1 1 2 2 2 2 2 1 1 1 2 2 2 2 1 1 2 2 1 1 1 1 2 2 1 2 2 1 2 1 2 2 2 2 1 1 2 2 1 1 2 1 2 2 1 2 2 2 2 1 2 2 1 2 2 2 1 1 2 2 2 1 1 2 1 1 2 2 2 2 2 2 1 1 1 2 1 2 2 1 2 2 2 1 1 1 1 2 2 1 2 1 1 1 1 1 2 2 2 2 1 1 1 2 1 1 2 1 2 2 1 1 1 1 1 1 1 2 1 1 2 2 1 1 2 1 1 1 1 2 1 1 1 1 2 2 1 1 1 1 2 1 2 1 2 2 1 2 2 2 2 1 2 2 1 1 1 1 1 1 1 1 2 1 1 2 2 2 1 1 1 1 1 1 2 2 1 2 2 2 1 1 1 1 1 2 2 2 1 1 1 2 1 1 2 1 1 2 2 1 2 1 2 1 2 2 2 1 2 2 1 1 1 2 1 1 2 2 1 1 2 1 1 1 2 2 2 2 1 2 1 2 2 1 1 1 1 1 1 2 2 2 2 2 1 2 1 2 2 2 2 1 2 1 2 1 2 2 1 1 2 2 2 2 2 2 1 1 2 2 2 1 2 2 2 2 2 1 1 1 2 2 1 1 2 2 1 1 2 2 1 1 1 2 2 2 2 1 2 2 1 1 2 1 2 1 2 2 1 2 2 2 1 1 1 1 2 1 1 1 1 2 2 1 1 1 1 2 1 1 2 1 2 2 2 2 2 1 1 2 1 2 1 2 2 1 1 1 2 1 1 1 1 1 1 1 1 2 1 1 1 1 2 1 1 2 1 1 1 1 1 1 1 1 2 1 2 2 2 1 2 2 2 1 1 2 2 2 1 2 1 1 1 1 2 1 2 1 1 2 2 1 2 1 2 2 2 1 2 2 2 1 1 2 1 1 1 2 2 1 2 1 2 1 1 1 2 1 2 2 2 2 1 1 1 2 2 2 2 1 2 1 1 1 1 1 2 1 2 1 1 1 1 2 1 1 1 2 2 1 2 1 1 2 1 2 1 2 2 1 2 2 2 1 2 1 1 1 2 2 2 1 1 2 1 1 2 2 1 1 1 1 1 2 2 2 2 1 1 2 2 1 1 1 1 1 2 2 2 2 1 1 2 1 1 1 2 1 1 1 2 2 1 1 1 2 1 1 1 1 1 2 2 2 1 2 1 1 2 1 1 1 1 1 2 1 1 2 1 1 2 2 1 2 1 1 1 1 2 2 2 2 1 1 2 2 1 1 2 2 2 1 1 1 2 1 2 2 1 1 2 2 2 2 2 2 2 1 1 2 2 1 2 2 1 2 2 2 1 1 2 1 2 1 2 1 2 2 1 1 2 1 1 2 1 2 1 1 2 1 2 2 2 2 2 1 1 2 2 1 2 1 1 2 1 1 1 2 1 1 1 1 2 1 2 1 2 1 1 2 2 1 2 1 1 1 2 1 2 2 1 1 2 1 2 1 2 2 2 1 2 1 2 2 1 1 1 2 2 1 2 1 2 1 2 1 1 2 1 2 1 1 2 2 2 1 2 2 1 1 1 2 1 1 1 1 2 2 2 1 2 2 2 1 2 2 1 2 2 1 1 1 2 1 1 1 2 2 2 2 1 2 2 1 1 2 1 1 1 1 2 1 1 2 1 1 2 2 1 1 1 2 2 2 2 2 1 2 1 1 1 2 1 1 2 2 2 2 1 1 2 1 1 1 2 1 2 1 1 1 2 1 2 2 2 1 2 1 1 2 2 1 1 1 2 1 1 1 1 1 2 2 1 1 2 2 1 1 1 2 1 2 2 1 2 1 2 2 1 1 1 1 1 1 2 1 1 2 1 1 2 2 1 1 1 2 1 1 2 1 2 2 2 1 2 1 1 1 2 2 1 2 1 2 1 1 1 1 2 1 2 2 2 1 2 2 1 1 2 2 2 1 1 1 2 2 2 1 1 2 2 2 2 1 1 1 2 1 1 2 1 1 2 1 1 1 1 1 2 2 1 2 2 2 1 1 1 2 1 1 2 1 2 2 2 1 1 1 2 2 1 1 2 1 1 2 2 1 1 1 2 2 2 1 1 1 2 2 2 2 2 1 2 2 1 1 2 1 1 1 1 2 2 1 2 1 1 1 1 1 1 2 1 2 2 1 2 1 1 2 1 1 2 1 2 2 1 2 1 1 1 1 1 1 2 1 2 2 1 1 2 1 2 2 2 1 1 1 1 2 2 1 2 2 1 2 2 1 1 1 1 1 1 2 2 1 2 1 1 1 2 2 2 1 1 2 2 2 1 1 1 1 1 2 2 2 1 2 2 1 1 2 2 2 1 1 1 1 1 1 1 2 2 1 1 1 1 1 2 1 1 1 1 1 2 2 1 1 1 2 2 2 1 2 2 2 2 2 1 1 2 2 1 2 1 2 1 2 2 1 2 1 1 2 1 2 2 1 1 2 1 2 2 2 2 1 2 1 2 2 2 1 1 2 1 2 1 1 1 2 1 1 1 1 1 2 2 2 1 2 1 1 2 1 1 1 1 2 1 1 1 2 2 1 1 1 2 2 2 1 2 1 2 2 1 1 2 2 1 1 2 2 2 1 1 2 2 1 2 1 2 2 2 1 2 1 1 1 2 2 1 2 2 2 1 2 1 1 1 1 1 1 1 1 2 1 1 1 1 1 2 2 1 2 2 1 1 1 2 2 1 2 2 2 2 1 1 2 2 1 2 1 1 2 1 2 1 2 2 1 1 2 1 2 1 1 1 1 2 1 2 2 2 2 2 1 1 1 2 1 1 2 2 1 1 2 1 1 2 1 1 2 1 2 1 2 2 1 2 2 1 2 1 2 1 1 2 2 2 1 1 1 1 2 1 1 1 1 1 2 2 1 1 2 2 1 2 1 2 2 1 1 1 1 2 2 1 2 1 1 1 1 2 2 2 1 2 2 2 1 1 2 1 1 1 1 1 1 2 2 2 2 2 1 1 1 1 1 2 2 1 1 2 1 1 2 2 1 2 1 2 1 1 1 2 2 1 2 1 1 1 1 1 1 2 2 2 2 2 1 2 1 1 1 1 2 2 2 1 1 2 2 1 1 1 1 1 1 2 2 2 2 1 1 1 2 2 2 1 1 1 1 2 1 2 2 2 2 2 2 1 1 1 1 1 1 2 2 1 1 1 1 1 1 2 2 2 2 1 1 2 2 1 1 2 1 2 2 1 2 1 2 2 1 1 1 2 1 1 1 1 1 2 2 2 1 1 2 2 1 2 2 2 2 2 1 1 2 1 2 2 2 1 2 1 2 1 2 1 1 1 2 1 1 1 2 2 1 2 2 1 2 2 2 1 2 1 2 1 2 2 1 2 1 2 2 2 1 1 2 1 1 2 2 1 1 2 2 1 2 2 1 1 2 2 2 1 2 2 2 1 1 2 1 2 1 2 2 2 2 1 2 2 2 2 1 1 2 2 1 2 2 1 1 2 1 2 1 1 1 1 1 2 2 2 2 1 2 2 2 2 2 2 2 1 1 1 2 2 2 1 2 2 2 2 1 1 2 2 1 1 1 2 2 2 2 2 2 1 1 1 1 1 2 2 1 2 2 2 1 1 1 1 2 1 1 2 2 2 1 1 1 1 2 1 1 2 1 2 2 2 1 2 1 1 1 1 1 2 2 2 2 1 2 2 1 1 1 2 2 1 2 2 2 1 1 2 2 2 2 2 2 1 1 2 1 2 1 2 2 1 1 2 2 1 2 2 1 1 1 2 2 2 1 1 2 1 1 1 2 1 1 2 1 2 1 2 1 2 1 1 1 2 2 1 2 1 1 2 2 1 2 1 1 2 1 2 2 2 2 2 1 2 1 1 2 2 1 1 2 1 1 1 2 1 1 2 1 1 2 2 2 2 2 1 1 2 2 2 1 2 2 2 2 2 2 2 2 2 2 2 2 2 2 1 1 2 1 1 1 2 2 1 1 1 1 1 2 2 2 1 2 2 2 1 2 1 1 1 1 2 1 1 2 2 1 1 1 2 2 1 2 2 2 2 2 1 1 2 2 1 1 2 2 2 2 1 2 2 2 1 1 2 2 1 1 2 2 1 1 2 1 2 1 1 2 1 1 2 1 1 2 1 1 2 2 2 2 1 2 2 2 1 2 2 2 1 2 2 1 1 1 2 2 1 1 1 1 2 2 1 1 1 1 2 1 1 1 1 2 1 1 1 2 2 1 2 2 1 1 2 1 2 1 1 2 1 1 2 1 2 2 2 2 1 2 1 1 1 1 2 1 2 2 1 1 2 1 2 1 1 1 1 2 2 2 2 1 1 1 1 2 2 1 2 2 2 1 1 1 1 1 2 2 1 2 1 2 1 1 2 2 2 1 1 1 1 2 1 2 1 1 2 2 1 1 2 1 2 2 1 1 1 2 2 2 1 2 2 2 2 2 2 2 1 1 1 1 1 2 2 1 1 2 2 2 2 1 2 2 1 2 2 2 1 1 2 1 1 2 1 1 2 2 2 2 1 1 2 1 2 1 2 1 2 2 2 2 2 2 2 2 2 2 1 2 2 1 2 2 1 2 2 2 1 1 1 2 1 1 1 1 1 2 1 2 1 1 2 1 2 2 1 2 1 2 1 1 2 1 2 2 2 2 2 2 2 2 1 1 2 2 2 2 1 1 2 1 2 1 1 2 2 2 1 2 2 1 1 1 2 1 2 2 2 2 2 1 1 1 2 1 2 1 1 2 2 1 2 2 1 1 1 1 2 1 2 1 1 1 2 1 1 2 2 1 1 1 1 1 2 2 2 2 2 1 2 1 2 1 1 2 2 2 1 1 1 1 2 1 2 2 2 2 1 2 2 1 1 2 2 1 1 2 1 2 2 1 2 2 1 1 2 2 2 2 1 1 1 1 1 2 1 1 1 1 2 1 1 1 1 1 2 2 2 1 2 1 1 2 2 2 2 2 2 2 2 2 2 1 1 2 1 2 1 1 1 1 2 2 1 2 1 1 1 1 1 1 1 1 1 1 2 2 2 1 2 1 1 2 1 1 2 1 1 2 1 2 1 1 1 2 2 2 1 1 1 2 1 2 1 1 1 1 2 2 1 2 1 1 1 1 2 1 2 1 1 2 1 2 1 2 1 1 1 2 2 2 2 2 2 2 1 1 2 1 1 1 1 2 2 2 1 2 2 1 1 1 2 1 2 1 1 2 2 2 2 1 1 1 2 2 1 2 1 1 2 1 1 1 2 2 2 2 2 1 2 1 2 2 1 2 1 2 1 2 2 2 2 2 2 1 2 2 1 1 2 2 1 1 1 2 1 1 1 2 1 1 1 2 1 1 1 1 1 1 2 1 2 1 1 1 1 2 1 2 2 1 1 1 1 1 1 2 2 1 1 1 1 1 2 2 1 1 2 2 2 2 1 2 1 1 1 1 1 1 2 2 1 1 2 2 2 2 2 2 1 1 2 2 1 1 2 2 1 2 1 1 1 1 1 2 1 1 1 1 2 2 1 2 2 2 1 1 2 2 2 1 1 1 1 2 1 2 1 2 1 1 1 1 1 2 1 1 1 2 1 2 2 1 2 1 2 1 1 2 1 2 2 2 2 1 2 1 2 1 2 2 1 1 1 2 2 2 2 2 1 2 2 1 1 2 1 1 1 1 2 1 2 1 2 2 2 2 2 2 2 2 2 2 2 1 1 1 1 2 2 2 1 2 1 1 2 1 1 1 2 2 2 2 2 1 1 2 2 1 2 2 1 2 2 1 1 2 1 2 1 2 1 1 2 1 1 2 2 2 1 2 1 2 2 2 2 1 2 2 1 1 2 1 1 2 2 1 1 1 2 2 2 2 2 1 2 1 1 2 2 1 1 1 1 2 1 1 2 2 2 2 1 2 1 1 1 2 1 1 2 1 1 2 1 1 2 2 2 2 1 2 2 1 2 2 2 1 2 2 2 1 1 1 1 1 2 1 1 1 1 1 2 1 2 1 1 2 1 2 2 1 2 1 2 1 1 2 2 2 1 1 1 2 1 2 1 2 1 2 1 2 1 1 2 1 1 2 2 1 1 2 1 2 2 2 2 2 1 1 2 2 2 1 1 2 1 2 2 1 1 2 2 1 2 1 1 2 2 1 2 1 1 2 1 2 2 1 1 1 1 2 2 1 1 2 1 1 1 2 2 2 1 2 2 2 2 1 1 2 2 1 1 2 1 1 1 1 1 2 1 2 1 1 2 1 1 1 2 2 2 1 2 1 2 1 1 1 2 2 2 1 2 1 1 1 1 2 2 1 1 1 2 2 1 2 1 2 1 2 2 2 1 1 1 1 1 2 1 2 1 2 2 1 2 2 1 1 2 2 1 2 2 1 1 2 1 2 2 1 2 1 1 2 2 1 2 1 2 1 2 1 1 1 1 1 2 2 2 2 1 1 1 1 1 2 1 2 1 2 1 2 1 2 1 2 1 1 1 1 1 2 2 1 1 1 2 2 2 2 2 1 2 1 2 1 1 2 1 2 1 2 2 2 1 1 2 1 2 1 1 1 2 2 2 1 2 2 1 1 1 1 1 1 2 1 2 1 1 2 2 1 1 1 2 2 2 1 2 1 2 1 2 2 1 1 1 1 1 2 1 2 1 2 2 1 1 2 2 2 1 1 1 2 1 1 1 1 1 1 1 1 2 1 2 1 2 2 1 1 2 1 1 2 2 2 1 1 2 2 2 2 2 1 2 2 1 2 2 1 1 1 1 1 2 2 2 2 2 1 1 1 1 2 2 2 2 2 1 1 1 1 2 1 1 2 1 1 2 2 1 1 2 2 2 2 1 1 1 1 2 2 2 1 2 1 1 1 1 2 1 2 1 2 1 1 1 1 2 1 2 1 2 2 2 2 1 1 1 1 1 1 1 2 1 2 2 1 2 1 2 2 1 1 2 2 1 2 1 1 1 1 1 2 1 2 1 2 1 2 1 2 2 1 1 2 2 1 1 1 2 2 2 2 2 1 1 2 1 1 2 1 1 2 1 1 2 2 2 1 1 1 2 2 2 1 1 2 1 1 2 1 2 1 1 1 2 1 1 1 2 2 2 1 2 1 1 1 1 1 2 2 2 1 2 1 1 1 2 2 1 2 1 1 1 2 1 1 1 1 2 1 2 1 1 1 1 2 1 1 2 1 1 1 2 2 2 2 2 2 2 1 2 1 1 1 2 1 2 2 2 1 2 2 1 2 2 1 1 2 1 1 2 1 1 1 1 1 2 2 2 1 1 1 2 1 1 2 2 1 1 1 1 2 1 1 2 1 1 2 2 2 1 2 2 2 1 1 1 2 2 1 1 1 1 1 2 2 2 1 2 1 2 1 1 1 1 1 1 2 1 1 1 1 2 2 1 2 2 2 2 2 2 2 1 1 1 2 2 2 2 1 2 2 2 2 2 1 2 1 1 1 2 1 1 1 2 2 2 2 2 1 1 1 1 2 2 2 1 1 1 2 1 1 1 1 2 1 1 2 1 1 1 1 1 2 1 2 1 1 1 1 2 2 2 1 1 2 2 2 1 1 1 2 1 2 2 1 2 1 2 1 1 2 2 2 2 1 1 1 2 2 2 2 1 2 1 2 1 2 1 2 2 1 2 2 1 2 2 1 2 2 1 2 1 2 2 2 1 2 1 2 1 1 1 2 1 2 1 2 1 1 1 1 2 2 2 1 2 1 1 1 2 1 1 1 2 2 2 2 2 2 1 2 2 2 1 2 1 2 1 2 2 1 1 2 2 2 2 1 2 2 1 2 1 1 2 2 2 2 1 1 2 1 2 2 1 1 2 1 2 2 1 2 2 1 1 2 2 2 1 1 1 2 1 2 1 2 2 1 2 2 2 1 1 1 1 1 2 1 2 2 2 1 2 2 1 1 1 2 2 1 2 1 1 2 2 1 2 1 2 2 2 2 2 1 1 2 1 2 2 2 1 2 1 1 2 1 2 1 2 2 2 1 1 1 1 2 1 2 1 2 2 1 2 2 1 2 2 1 2 1 1 2 2 1 1 2 2 2 2 2 1 2 1 1 1 2 1 1 1 1 1 1 2 1 2 1 1 1 2 1 1 2 1 2 2 1 2 2 2 2 1 1 2 1 2 2 1 2 1 2 2 2 1 1 1 2 2 2 2 2 2 2 2 2 2 2 2 1 1 1 2 2 2 2 2 2 1 1 1 2 1 1 2 1 2 2 2 2 1 2 1 1 1 2 1 2 2 2 1 1 2 1 1 1 1 1 1 1 1 2 1 2 1 1 1 1 1 2 2 2 1 2 1 1 2 1 1 1 1 2 2 2 1 1 2 1 2 1 1 1 1 2 2 2 2 1 2 2 2 2 2 1 2 2 2 2 2 2 2 2 2 2 1 1 1 2 2 1 2 1 1 2 1 2 2 2 1 2 1 1 2 2 1 1 2 1 2 1 2 1 2 2 1 1 1 1 1 1 2 1 2 2 2 1 2 2 1 1 1 1 2 1 2 2 1 2 2 1 2 1 2 1 2 1 2 2 2 1 1 2 2 2 1 1 1 1 1 1 2 1 1 1 1 2 2 2 2 2 2 1 1 1 1 1 2 1 2 1 2 2 2 2 2 1 2 1 1 2 2 2 1 1 1 2 1 1 1 2 2 2 2 1 2 1 2 1 2 2 1 2 2 2 2 2 2 1 1 2 2 2 2 1 1 2 2 1 2 2 2 2 1 2 1 2 1 1 1 2 1 1 2 1 2 2 2 1 1 1 2 1 2 1 1 1 2 2 1 1 2 2 2 1 2 2 2 1 1 2 2 1 2 1 1 2 1 1 1 1 2 2 2 1 1 1 2 1 2 1 1 1 2 1 2 2 2 1 2 2 1 2 1 2 1 2 2 2 1 2 1 2 2 1 1 1 2 1 1 1 2 2 1 2 1 1 1 1 2 1 1 1 2 1 2 2 2 1 2 2 2 1 1 1 2 2 1 1 2 1 1 2 1 2 2 1 2 2 1 2 2 2 1 2 2 2 2 1 2 2 2 1 1 1 1 1 1 1 1 2 2 2 2 1 1 2 2 2 1 1 2 2 1 2 1 2 1 1 2 2 1 2 2 1 1 2 2 2 1 1 2 2 2 1 2 1 1 1 2 1 1 1 2 2 2 1 2 2 1 2 2 1 1 2 2 2 2 2 2 1 1 2 1 2 1 1 1 1 1 2 1 2 1 1 2 1 1 2 2 2 1 2 1 2 2 1 1 1 1 1 2 1 1 2 2 2 1 2 2 1 2 1 1 2 2 1 1 1 2 1 2 1 1 2 1 2 2 1 1 2 2 1 1 2 1 1 2 2 2 1 2 2 1 2 2 1 2 2 2 2 1 1 2 1 1 2 2 2 1 1 1 1 1 2 1 1 1 1 2 2 2 2 1 1 1 1 1 1 2 2 2 2 1 1 1 1 2 1 2 1 1 1 1 1 2 2 2 2 1 1 2 1 1 1 2 1 1 1 1 1 2 1 1 2 2 1 2 1 1 2 1 1 2 1 2 2 2 1 1 2 1 1 2 1 2 1 1 2 2 1 2 1 2 2 1 2 2 2 1 2 2 1 2 2 2 1 2 1 2 2 1 1 1 2 1 2 2 2 1 2 2 1 2 1 1 2 2 1 1 1 1 2 2 1 1 2 1 1 2 1 2 1 2 1 2 1 2 1 2 2 2 2 1 1 1 2 2 2 2 1 2 1 1 2 2 1 2 2 2 2 1 1 1 2 2 2 1 2 2 1 2 2 1 2 2 2 2 2 2 2 2 1 1 1 2 1 2 2 2 2 1 2 2 2 1 1 1 1 1 1
6038
4532
9199
3125
9301
5599
6068
2717
2122
638
219
4076
20
4367
2836
2280
9607
5459
3959
2288
8678
5203
3000
1196
1007
1188
3823
8566
8771
3692
6825
6595
5144
8945
3449
9430
4549
7819
1571
3388
6619
9686
6036
9144
1772
9195
8124
2585
6370
9421
2899
8497
3927
9282
1175
6337
1161
1431
3477
2671
417
6039
2898
2310
5948
1009
5235
2248
7597
1335
4339
5252
8668
2899
6953
9906
6269
6554
3730
8685
1616
2267
6037
8146
4476
6905
9096
6543
9650
242
5903
6649
5955
5071
3406
8417
9236
9711
7890
8412
4320
8233
1137
1115
7159
2647
765
7340
2524
3124
7826
2209
1048
568
529
16
5143
4087
4579
4281
4995
5827
2559
6497
4581
2972
3358
952
9630
2118
2414
5729
5055
4539
4752
9219
2703
2442
5982
2616
6872
7110
7961
9142
1845
4168
2517
6222
278
1399
4913
8368
7135
2024
3540
5738
7535
9791
5613
7638
3628
6253
8674
4297
1926
6688
4215
4478
3408
1346
4097
782
1582
1188
4019
4920
8247
7194
6063
6619
1859
270
7572
8926
2565
3704
715
2620
4113
3240
5487
4231
6755
1176
7125
2572
8604
9043
4478
1439
6379
5939
756
9526
5175
6085
5752
1056
9332
853
6604
5056
7887
7362
6139
5238
4903
2883
1253
8392
7818
1310
1728
2072
9207
5021
9851
2487
7191
6110
3961
2479
912
9993
6952
6872
4286
9814
4454
2570
1717
1946
6228
4589
4053
5950
6425
227
8610
6599
1635
3657
9755
2215
5821
339
9567
2308
1213
2293
5904
8952
8383
8903
3949
1333
2053
7054
9275
3486
6023
2875
9882
3723
3679
9560
8576
445
1
1090
2396
4528
3475
7887
7567
7648
8812
1970
5583
5567
6776
8876
8267
9806
6609
4076
8256
575
3198
8946
7704
6487
1068
5239
4777
9219
7867
4715
2671
5726
2316
8554
6307
7934
2935
3799
5781
8887
8788
2076
8130
2596
3777
2051
4659
2973
7885
7342
4913
479
2205
521
1281
4209
2106
397
1259
9994
4609
5433
7023
8766
2521
1950
1170
4231
2267
5882
8607
1931
5904
7778
9432
1906
5871
2671
3798
9388
3067
4959
152
7772
6424
1947
597
3971
479
4673
4538
165
4041
585
6063
2350
5706
3480
291
9716
7217
8171
4516
181
3442
1411
2499
3736
129
9907
2356
6709
484
4407
5773
2691
2494
4515
6585
3776
6081
8760
2870
3538
1094
677
9630
4706
3416
4435
8856
6408
5781
6140
3275
636
1185
1770
266
5659
2190
4676
5354
4476
1047
5941
4752
1878
5615
2974
5294
3227
1128
7375
8811
9061
4778
4276
3014
7089
556
3461
9980
2782
89
2205
674
8411
6120
3517
2394
2277
1130
7826
9771
192
3962
7201
3494
8874
7287
5141
8104
8702
3588
9728
727
1067
772
3149
112
2972
3966
1966
9721
888
2837
3762
3471
9728
9762
4435
7844
7064
3611
3934
3157
3167
6013
6464
3057
2078
4515
1495
8619
3343
70
9463
9413
5834
1687
8460
3475
2039
550
4584
4853
8007
4296
8843
4049
875
3535
7339
5348
1249
1201
7602
3525
6388
859
3358
6981
2266
9725
7875
1641
3444
9158
7026
2664
5539
2956
8604
1029
1184
9297
2510
1333
7863
883
9154
4174
1759
4090
7397
8418
3959
4722
3069
883
6802
7201
3912
5239
9629
3594
1162
9352
7044
7321
680
3874
2498
560
6962
9093
6284
8866
3999
9769
4004
2254
3679
9764
4090
6534
8620
7948
2351
6231
3159
6548
1420
2836
9081
9623
1061
4297
686
5800
6866
784
2509
3000
4909
3264
6548
3929
777
3208
6126
2570
6631
6094
885
5235
8291
6997
2072
4985
5962
5777
5157
4219
6535
2071
2287
5032
3227
8725
7525
2300
4029
3228
9242
8724
5627
1216
6704
1446
8756
9365
1523
8404
8198
7669
6372
310
4529
6557
4915
6333
8842
5397
6144
8608
2743
606
3970
2719
5403
2570
7336
8303
9095
4137
7209
6811
9806
1747
6426
3418
7393
4480
319
2338
6933
6885
9232
2590
1041
4271
3348
9085
8420
5617
620
1370
8985
6825
5273
9473
7791
8869
4969
2175
5781
9197
4917
8118
3480
9257
5019
1918
3601
2749
615
7646
5452
7156
6127
2320
9737
2915
6118
6807
4261
8052
4111
9948
4878
5072
383
9266
4344
8149
6376
919
7117
2512
1136
8004
1749
3923
8428
3899
5176
3283
1555
237
6727
5096
2422
6963
775
6108
4213
8811
5399
2948
6487
960
5472
7220
7728
1078
9332
9255
6101
5971
2149
1879
2736
8237
280
1728
8757
9329
5577
2280
172
2432
7405
3634
5230
4353
2953
1031
635
2612
6224
4982
2718
2616
9083
9915
4515
2861
1779
9922
5694
7219
7122
9001
5176
866
3172
7389
4719
406
6094
6561
1112
1784
3745
1303
4652
7945
7051
4285
6543
2785
1570
8633
2320
2774
8032
4525
2161
5860
5806
5210
6698
4592
4346
1370
3198
5981
2845
631
7440
427
3345
935
3675
9035
7795
9848
2053
4897
1647
1687
2832
2872
8083
2197
6026
8799
7506
7983
4192
369
5188
8002
4749
2972
6673
3163
8814
9382
3405
4251
2198
7232
7344
8752
1068
4884
2828
5014
3776
703
5146
3052
7242
4756
3039
7166
7171
7959
4789
2446
3225
2659
7714
7366
3360
3465
1194
8440
7284
3408
791
247
1772
737
201
1422
9747
4608
352
1121
2113
2987
7552
147
8095
7880
5273
4883
4090
9144
1571
8191
3844
1187
8049
7280
4565
6810
9868
2964
2205
6625
5178
3172
4805
2362
1045
7000
2209
309
8434
8468
1806
7431
485
8007
9526
8183
3172
9291
4515
8253
6094
7778
1514
4330
7441
8880
4285
5400
3927
3072
3283
246
9330
1177
4007
9733
8991
9784
3769
8787
1717
9187
8652
3159
5976
2991
3329
5716
3294
5699
1770
8766
7297
9004
4691
4532
5308
8318
280
9494
1690
7242
1064
127
4281
9591
9912
6938
5886
3355
1559
1784
2490
2281
526
9162
9348
7188
6685
6202
8696
5451
2069
4074
8425
2782
883
591
2602
4808
2873
953
3569
450
6203
1835
8075
6108
1072
5598
3679
5198
1400
6281
5675
4278
116
8788
7842
6358
3383
8479
199
7130
6112
1323
1136
2034
9756
3353
6236
2981
7220
838
5156
5454
1320
5007
3790
1228
923
1908
3815
5896
9950
6597
9839
7105
9669
9247
6900
7033
3893
5561
987
5276
5228
8610
9144
2732
7880
9083
5223
2267
2928
8195
3824
9527
6300
4660
2843
2908
9565
7444
3966
833
2832
202
5951
5804
6117
1908
9567
8801
1112
4344
1221
1728
1498
2518
2674
5873
9976
147
9334
8698
54
9173
5411
4334
4523
2413
7289
6727
8363
1419
5707
8124
5989
8396
6172
401
7105
7168
7089
4649
9852
7229
3283
1579
3930
1447
7604
6969
302
7890
4974
5805
3632
4899
791
1363
5337
9387
1564
1621
7174
6762
8986
9479
175
5092
3456
8346
291
7426
9453
7291
8473
2858
9552
6915
2953
1965
3725
2781
9132
8031
2198
3575
7924
4844
8632
3011
9743
5436
9003
4374
5018
4608
7405
3111
871
949
8052
7980
3445
6650
8643
1868
9136
2666
316
6224
1560
928
4844
824
4960
7653
7770
8951
7929
5440
9166
7973
374
7620
5228
4277
3298
1359
4647
4362
3777
3149
7638
8684
4899
9343
3208
1701
4750
4786
6890
2990
1717
3546
886
4160
4076
4684
3893
4844
4736
7126
8554
9360
3634
698
3635
9051
9854
5082
5683
9961
3975
9083
5781
7327
2454
5616
2660
2596
866
8003
6140
4228
5941
5668
1881
9677
8473
2143
1249
4844
8929
9245
2102
1676
9330
4510
5203
7932
9502
2479
8095
5850
1063
7043
6842
5675
280
829
4597
8876
7129
2217
7082
3388
5342
2180
3113
1881
9669
280
5726
4773
1894
6568
9760
3107
9342
8717
8194
9689
8903
1553
272
3718
3227
3004
9463
413
3699
9673
9693
7992
3136
9192
3594
1621
8904
4755
9428
5489
787
704
3686
2898
8476
9627
7786
6128
4904
1316
7651
4718
6688
1261
6455
5886
1849
8753
6923
7200
3788
6471
3622
9384
6039
1198
3021
7890
5521
7304
1936
5536
8581
2312
5981
8262
5136
9802
1297
9769
7370
7191
4844
8215
450
1221
5206
3505
8131
5483
4730
7472
7344
1988
7024
8181
9033
3707
8808
3160
1966
5541
4980
7096
7038
5469
8593
5250
8098
2030
337
2233
721
9103
7552
2404
7397
1730
1253
5404
1561
4007
3793
4796
478
3308
2868
3516
2002
2747
2427
8272
830
533
6320
2244
8080
3488
9952
4463
385
5264
9796
7328
5126
5502
7322
3655
9107
5863
8925
6561
4583
3144
6764
651
2615
9881
5221
8489
366
3980
5074
4230
7901
9242
5190
741
9237
7244
4499
128
5101
5800
7988
6173
9686
1417
6413
9491
1939
2347
653
7201
8910
2331
5368
4770
3553
3998
6389
4058
1976
4082
4525
7010
9657
8221
3655
6915
6804
6759
4951
8425
1201
2760
8384
7257
4754
8430
1194
2335
3813
7166
272
7900
6549
7954
6341
1801
1486
6425
4798
9858
1933
2111
3526
3730
2489
5606
3926
9039
7784
6823
7835
593
9494
4092
3945
3202
6373
9561
9042
6907
7593
4487
7130
2770
9934
2868
8812
4770
3283
6363
3447
2740
6631
2847
8612
9100
9267
192
5264
9834
5106
5659
5483
1788
4147
1556
3240
4790
7544
7352
6386
7242
9877
741
7577
145
469
5703
7713
1196
5468
172
6376
9365
6559
2502
8581
775
1726
431
5603
4201
4145
4038
8104
2830
2443
5225
1147
3347
1988
8875
3043
3500
6274
8089
4230
175
1211
9873
2608
8684
2628
8010
412
9327
192
2069
274
5697
2818
704
8264
8054
8743
8077
1459
256
8717
3294
8194
46
6832
9892
316
2143
7872
8031
9346
2437
1818
8241
1104
1652
4821
9652
7321
7518
5177
5106
6533
1911
9939
6568
6138
2250
2510
2683
3641
6104
9931
8874
4219
9213
2204
9024
7395
1988
444
526
1912
8918
7320
6089
378
4480
6389
9344
409
5740
8655
7618
9719
4014
4693
601
9677
8174
1729
5219
9004
7990
4588
9243
2974
2081
7712
8058
2259
3360
8146
9800
3945
1428
4275
6394
6813
1563
3927
5371
6445
3998
3586
482
3058
9371
8196
4324
2717
7927
4432
6954
4408
3393
6476
6840
8788
1770
719
337
3461
3594
2057
4715
4924
957
937
3193
9072
9690
6951
964
674
6535
1641
7219
8992
1060
2347
9173
7544
1045
2943
6960
3674
1229
9746
797
8816
9251
201
378
1690
125
5827
6027
4111
4900
3216
3173
9839
2791
7902
9551
5235
3462
8382
7951
8760
9567
7035
1900
2354
5144
4712
4230
2427
2407
1170
5085
7345
1200
378
3450
9083
84
6984
5842
5805
2694
4169
8808
8708
5157
4906
7025
9449
9991
4518
6532
6032
5436
4334
6155
3696
568
330
7461
5919
4783
8717
8799
2433
4326
8214
6388
5751
6394
1079
4533
3545
2546
2267
8361
1277
1340
3433
5120
9049
482
4381
7653
9659
465
6829
1063
7764
2039
7647
7451
5136
7098
3893
9765
6792
5739
250
9565
1469
4900
4003
2647
5329
5918
9919
3354
6022
9162
304
2679
1055
785
5307
871
7597
1811
9323
3409
3608
6201
8842
7133
3515
4657
6929
1992
7964
5037
7405
2259
2254
5989
6079
2931
8810
41
7242
1936
9142
4657
7719
7693
4414
9281
9323
6137
1751
4579
2406
2155
3750
6992
2670
8140
36
7127
5234
5551
6870
6476
2910
3844
949
4702
1228
3648
1433
4418
5880
6461
4463
2206
94
5308
3776
6587
4838
9041
5010
54
6369
3575
5805
5154
6954
4346
6727
3930
2233
9185
8344
8440
7076
1949
9877
9400
756
7669
2465
7997
1556
7576
6074
2602
4539
777
5488
1584
4748
3696
4770
7499
9308
1724
7487
1701
4345
8625
2134
606
4206
7536
3687
1597
3240
6721
1347
6900
286
3345
3750
782
9279
3788
9883
7017
2399
7799
4762
1818
9126
4020
2671
4211
4443
6566
8554
9060
5732
8718
4774
5984
6764
949
213
190
5327
1148
9285
9721
5305
6000
5662
3383
7552
8229
6137
6237
299
852
9365
9001
4502
7301
4702
9931
2280
4949
9316
7504
3507
4633
82
3040
831
7971
349
9083
309
3806
3583
6816
9460
2751
2389
4073
1575
2730
3473
3909
2740
1172
1413
2525
4914
1780
2993
1751
2777
9558
5387
5261
6742
2379
5042
4124
40
3174
4721
3227
8776
6686
4358
6935
852
6529
4297
7219
7095
4816
6648
4800
3810
7894
614
7330
42
7658
8619
7370
765
8287
9293
1550
5941
6184
3152
2757
3737
3232
5962
1690
1306
7805
2883
4367
8451
7103
2964
732
9928
1188
3741
3737
2717
3552
8291
2156
3155
624
2985
5511
6666
9657
602
7728
8248
5929
6798
4502
7595
8657
6966
9755
3175
9630
2197
4817
9517
42
4398
9919
6840
2223
5493
6796
869
4710
3918
7815
7231
7665
803
4995
9544
2255
1188
7188
3400
2325
7853
7726
5006
9327
5591
4161
6191
2509
3873
4926
4515
482
2286
2502
1985
9201
5463
1439
1229
7886
526
8349
3788
4838
5409
1751
8247
172
2781
9750
9967
8361
8702
8147
6935
7217
6531
4660
1382
2179
4247
8812
8459
845
5355
5708
8836
5224
3133
5097
8459
1080
3125
8217
7024
4631
989
2213
5672
4194
8612
6443
5289
3253
9337
2197
8713
2228
8887
7707
2760
2546
8621
5058
612
3470
3593
3469
1571
5959
6791
7000
8485
3816
9331
8812
5664
2544
85
3824
5097
9519
8291
1495
530
8365
2197
556
6960
1136
3362
3383
1201
9673
9868
2917
469
4995
4236
605
194
1061
4480
1702
7806
883
4754
6533
2122
4782
8567
1544
7030
1202
3418
5368
4192
4636
7442
3956
9145
2200
6224
969
7249
3398
6381
9207
2964
2057
4406
6222
2653
1199
6289
1388
8234
9709
513
8110
5307
4566
7914
7093
2719
4247
8954
6455
3144
859
3355
1556
9755
4426
8459
8200
7739
4063
8795
9458
5208
7856
2438
7960
9802
2620
5344
1711
7638
9784
6940
5345
1638
1912
130
7873
504
7161
5418
6074
9142
9245
6625
5299
5188
367
2560
3422
7889
9356
8864
5847
1790
7143
715
6872
5912
669
3861
2350
8045
6861
6481
2777
4189
6092
836
452
2639
6629
1480
6924
6341
3884
6846
452
9242
8742
6059
35
9204
8564
8578
5129
3672
3779
4450
2259
8809
9712
6640
348
482
6389
5948
7237
2908
6647
3181
9507
2016
6425
3487
3497
53
3174
3409
7717
40
8416
3769
8450
8112
5466
938
903
8951
1720
3031
1058
3881
40
5574
6760
8278
9760
9401
8612
5316
5260
7737
6455
5228
4970
5402
3861
352
469
2039
9821
4355
4995
2997
2794
8050
4418
204
2560
3645
6647
9401
4007
2960
9659
2588
6277
1238
1851
789
8221
1201
8304
4931
9474
1870
7025
4219
6654
5757
8743
824
8615
2649
6703
853
5227
6010
4792
909
9232
7171
4357
6685
6825
7605
6532
290
4152
6073
8158
8105
8357
3000
8105
7588
2246
5904
1025
6154
3408
155
181
4227
7028
3706
4583
5136
3526
7393
8128
6301
8608
379
8814
347
863
5643
708
201
997
5899
445
9162
3385
9198
8100
5883
4921
2937
4754
7969
7708
4492
5235
9285
9954
2557
5164
2413
582
9889
2019
9399
5386
214
9687
8428
1085
9852
6302
1256
4288
3111
5223
310
5585
35
8383
3298
5368
2764
1978
3899
5133
2663
7646
622
1722
9527
6181
9360
4930
8740
8296
9219
9862
2689
784
7063
8111
638
6827
2091
5537
8306
4140
5336
7551
3990
9163
2473
1940
2261
7649
9300
4349
9737
9765
8116
1933
8361
9367
3363
9236
4294
4384
8030
8519
9927
7079
8612
6951
7239
3180
1063
8416
3057
1266
2621
2297
3263
5602
1158
5617
8811
9275
5029
1711
4388
8898
9796
973
3735
2760
4827
3174
7186
4855
2149
1654
4093
170
8416
6379
1221
9257
5160
202
9400
4346
9259
7095
2227
6886
1112
2679
6559
1528
8468
7819
8368
721
7246
4455
1645
4040
4211
7784
9921
270
8537
6013
8633
3040
6011
9046
5433
1964
3903
7853
3865
952
2923
5504
1078
1259
2621
5278
2225
5228
7497
9712
386
6864
409
2600
6255
1212
5141
2120
6023
8116
2377
5708
2448
7123
1813
5436
7213
1926
4470
4023
2032
3526
3893
8418
6425
3390
1320
3110
3863
4691
810
154
3551
8053
2647
6007
479
2673
6623
9162
5045
5409
8939
6686
2350
7874
8851
6202
9797
4739
3604
1790
122
1510
2289
9726
5239
9040
4956
8346
2106
1375
246
4308
8272
8665
9587
5669
4838
5342
8056
7970
3100
8668
9682
4012
1075
6804
5466
5804
2721
2918
8874
412
6684
2236
4196
9026
3072
8720
4749
2792
2519
5955
9356
6447
1847
586
3622
9162
5245
739
640
9656
9618
548
6670
7518
8092
5947
9640
7451
9360
9428
9837
8047
4125
9072
3145
8825
2939
1661
1135
448
8840
642
612
7247
7052
6586
1136
9365
6650
755
8866
4032
5169
6104
8242
6504
1459
6924
5743
13
6476
2512
332
4611
1060
8843
6636
7336
3167
1303
7737
2723
1411
6744
289
3915
3253
7242
4133
9947
4426
7169
219
4609
986
1238
8800
609
501
5368
5919
4260
4804
142
7763
2555
5351
1049
5024
7573
2993
2353
9098
4473
8648
3632
4195
8832
4016
6900
912
9823
4062
3247
7474
5641
9709
5342
2106
1927
8986
5634
3712
8054
8834
570
3069
7950
3837
8365
450
9839
6600
8471
5985
8543
9942
3909
5186
6485
2604
4330
9908
6872
5702
850
5891
1803
6038
3766
8146
7431
8257
829
4809
2694
5271
4162
3334
254
3176
7187
9671
7868
6152
8967
2061
3808
8350
4673
5120
933
1495
727
4005
9032
4297
2546
5883
3817
4861
8640
8483
9755
512
3128
4696
9793
3134
2271
7209
7965
6379
3339
9732
1621
7197
7730
7381
7263
9526
9728
5375
304
1804
3457
7733
5660
4804
7130
1444
8387
8972
296
9589
5666
9671
9805
4492
170
9875
1285
5944
6681
573
2297
5804
9728
6456
7646
3415
3945
4619
1816
2621
6486
8766
8891
6474
7497
4869
5662
8440
6866
8851
5493
1063
6533
7366
5350
1025
1728
615
9982
3109
791
1631
699
1063
8162
586
1494
1339
6921
3134
7558
8718
4866
3998
7103
5851
9564
9947
8717
3864
8180
75
8724
8972
3857
7252
5203
3290
8948
3509
8854
5335
2647
5805
4026
586
8732
9538
9691
4705
1649
8296
8873
3476
930
7358
606
9808
4156
7950
6226
7539
6939
8497
976
3967
3818
9769
5005
2800
1151
4509
9442
614
8040
5266
9706
7567
7604
1900
1504
4125
2653
9763
9749
805
9232
7164
2764
2718
2658
8808
8149
4295
8818
8072
2854
2520
4960
762
4359
348
1233
4852
3768
8633
2751
8027
8503
2945
8241
5434
9976
9623
272
8503
8952
9567
6043
3293
4960
975
8105
8887
6247
4037
582
846
3487
2666
4096
3442
7343
6122
9859
8708
4208
6535
6919
9578
9565
5912
4789
5669
3283
6506
3487
7778
7171
5342
7123
2884
7997
178
6796
2134
9722
7012
3117
2905
5564
4330
3768
3147
377
8719
756
5912
1595
7390
4280
6945
2978
2231
8843
7968
5228
7045
6230
193
638
6606
1494
3455
3392
4543
468
7638
62
1188
1370
6924
663
198
6733
7916
8461
5222
6102
1125
4919
9728
9432
1446
3535
1479
3475
8144
1442
2883
9490
5947
8612
703
3339
1922
2478
3927
7470
6384
3494
7162
8150
4960
5251
7607
9785
8814
8598
8874
6457
5859
609
9616
2774
2910
6301
8349
5560
1677
1519
6677
4579
1446
7541
2583
6303
9776
3764
9435
4729
1388
3628
7242
9994
8272
3380
1444
6753
5818
8881
6770
8277
6550
7741
9281
8952
2620
9098
1597
8954
6119
3354
8892
8963
7800
1393
4223
6699
9376
1422
6744
3263
8513
1943
1345
2610
4115
6798
9767
2502
3534
3169
5201
8389
1784
5428
928
585
364
124
9044
3534
378
8117
7025
2573
5794
9952
6673
2279
467
5403
9207
5006
9159
9393
231
1084
281
9984
1635
5222
7166
7245
3766
7473
7658
6102
8805
8816
5683
1871
2630
771
2041
5606
4788
7314
9330
2215
4709
7806
2167
6497
7509
8078
3036
6342
2478
847
2104
2345
7044
409
7000
237
9330
3163
5823
4891
1061
2134
1259
4639
5719
593
7200
777
3953
2243
1659
3975
5380
4276
2621
4424
9263
8264
5810
4013
6731
4329
3227
5873
7960
8199
5808
9755
8610
3372
6413
9769
588
263
840
9190
6214
3452
2220
3933
8248
5089
8165
5434
7918
6445
1288
7023
944
3777
6212
4987
4729
5679
9981
6688
8369
5261
198
7807
9476
8636
8741
131
8119
8002
5447
8353
4344
9479
9251
848
4231
8561
3565
9233
6269
1486
4809
1320
8594
5344
1003
8938
3905
9404
3572
7889
8945
6549
6127
6705
1717
7572
6392
234
6506
5244
5832
270
1571
6548
8529
6133
5981
3632
3964
3537
1773
4037
3015
2355
5268
8957
6246
8152
231
279
5071
3201
2437
6638
9884
122
8089
763
8543
9502
7728
3641
907
6520
2256
4454
7811
3945
6261
9517
7641
1194
2194
5912
9547
9921
6484
5351
9439
425
2320
6582
1716
5405
9721
5781
5337
5478
5643
1084
4040
3049
621
5641
2746
5955
193
2543
2957
4366
1571
5939
6039
6213
3253
7708
9185
3206
8306
7623
2892
3982
296
2838
782
2945
5114
1238
5415
347
9214
106
6228
2788
8303
8005
2008
1733
374
8945
7582
6057
8519
7132
6556
6786
291
6073
2832
4702
8455
7970
5485
3338
8864
5076
7855
2721
9108
8264
6946
9338
8089
8007
5975
1767
1327
7717
9994
862
9875
6706
771
2135
2981
8215
8632
5439
1729
9945
6747
2114
9139
2384
7467
6344
9567
7970
2588
7623
5941
6203
8996
5498
4230
7559
6688
8593
6825
5950
1787
2511
4786
7651
5912
4203
8569
7440
5123
692
9765
7483
3388
5296
8318
683
1889
9479
5847
8433
7772
8204
7019
1584
8286
2126
6798
3409
512
3039
1751
1444
9958
3670
254
5268
9132
2963
3140
284
9586
1242
5205
597
405
7572
8418
4803
153
8034
4377
4835
4448
4215
5731
1546
2800
6861
7272
2871
752
5071
9773
240
7598
5234
7320
6220
193
9258
5929
550
6602
1561
5827
758
5585
7926
6978
5513
6160
593
2940
655
5639
5602
7485
2893
6587
9623
4564
663
5703
1190
8493
9203
8945
7060
7509
9215
8098
597
7729
4876
907
9970
791
3960
5752
7997
4782
6376
1537
7019
8963
3543
1177
7637
445
125
1962
8358
2997
2830
3418
9255
9698
308
9123
829
706
4340
9004
7217
7062
9314
7039
8047
7449
127
5019
8581
5240
1348
3475
8963
625
1780
9081
2202
9522
5827
3032
9411
7631
4531
6985
448
2420
7795
500
3208
1900
1988
3054
6022
1810
7714
9236
4804
4274
3584
8459
4897
1502
9908
5787
516
4021
4652
3279
6384
7141
8024
1584
9769
8665
8536
3329
9685
9948
2691
4238
3676
7986
330
6874
3945
264
3151
9801
7408
5565
2723
1138
261
6625
879
4629
6329
2722
9024
8007
6437
5168
1508
6443
9875
2596
3980
5198
8851
6296
7183
7953
6587
3117
4896
7362
9913
6069
5433
5401
4760
3775
9783
2860
3323
9046
2266
6872
1385
2437
6546
678
4134
5535
4644
2964
8923
65
2319
3159
1486
5071
4855
9040
1211
1716
1454
6497
5756
9650
1519
27
5070
4896
8757
1654
989
4940
6095
5369
9814
3990
9877
5029
6524
3769
2831
2487
2543
3408
5683
8282
9051
8566
5670
7190
8735
4106
1473
8528
8418
4324
6843
1617
3358
582
9195
3687
1345
6187
111
8358
2638
7284
7721
5743
2010
5999
8300
7993
7809
417
2946
5468
3160
6499
1194
4805
322
6580
1912
4652
6063
9794
9470
4317
9797
5602
3278
5191
3910
432
417
1810
7880
1426
791
2870
8497
6828
4187
3032
6612
153
192
458
3322
5271
4949
550
5719
1931
3311
8707
2604
663
8893
8005
5720
3900
4740
9587
9646
2464
3636
797
7794
2200
236
8711
23
9161
5452
7000
4051
7881
7022
5188
6425
1778
3358
3751
5114
4211
2317
9660
2856
3923
7187
5350
2916
1074
1290
9086
3931
3559
9001
3866
4035
285
5119
7234
2682
7783
5980
1393
7586
9401
5175
9474
8561
5670
5512
7030
6389
8513
8621
1335
2392
4862
2907
6638
3336
5468
7669
1249
9650
4978
6519
498
6215
814
2705
8218
4383
1138
9081
6734
4083
1006
9369
9156
3769
6774
1931
1083
2120
5805
8788
7525
5052
5010
3283
3004
9958
6592
7225
3325
9558
3487
1812
3539
5498
6533
84
6216
4914
6097
4236
2202
388
6138
7539
8662
2825
3584
1654
1345
1249
7187
3959
9993
7020
1427
6342
1881
7292
7085
2162
3922
1236
8185
8215
6057
1490
2588
5112
6128
3899
7093
1367
9530
4369
2340
9823
7228
3944
395
5751
1745
8062
4599
1634
2384
5406
2814
2432
5086
1710
7174
5821
7964
5940
7767
9282
272
4426
203
1175
9840
6773
6646
9756
9708
9273
5792
8695
9113
1830
5332
1805
9836
2997
3036
2471
1260
5225
9846
7241
3943
2491
1217
5787
6089
7778
5275
183
8859
122
6436
9704
5804
250
5228
4893
7984
6953
4570
7321
3029
4423
6074
7339
8447
9744
6557
1188
777
6490
866
4032
9849
7242
4749
6647
8317
7276
8811
7025
3251
9547
5731
4473
6497
1106
5917
9476
1232
9116
1374
3540
4803
4512
4219
879
2534
7054
5604
1835
8316
7160
6832
9969
9233
2617
4518
7641
2326
932
5305
4288
9232
2340
7166
9562
1495
1198
7716
7685
6116
5909
3063
1285
9227
6309
6851
2473
1948
7466
6844
1298
379
5807
6274
9927
3159
2621
5821
3160
845
3394
7924
2113
8489
5920
1125
5920
6814
9344
3758
4344
9465
533
7088
8277
8121
4455
7688
9400
2682
7752
3232
4920
7531
3432
2839
1988
2780
9144
7056
6410
9769
927
2061
986
5565
9630
2934
9134
7930
9181
3912
2271
7864
5518
3318
7242
5343
4995
9949
4236
4756
6989
9987
6141
6360
6869
6677
2604
9663
9383
5493
4349
8593
4319
9701
2573
7277
8423
4230
4090
4730
7947
9242
6981
4745
8856
2303
9126
6037
2499
1707
8875
561
2674
7877
6735
9036
5203
84
2242
5597
862
2679
331
3960
2967
7246
7985
1901
1622
4457
4673
2183
911
1152
3331
9088
5676
9769
4485
2111
959
2685
9078
5531
4855
6793
5492
8791
5853
1660
3346
9144
7604
931
4478
9895
2317
856
2228
3106
6250
8525
5071
1130
8016
755
4556
9010
7949
8800
5401
1680
6798
8594
4032
7342
2960
7756
351
841
9524
772
3515
3961
4782
2413
4999
1700
4929
2333
973
5551
3258
9995
1845
466
3933
8923
6424
2183
3572
6421
8932
6023
9017
8955
587
3594
6528
3329
6413
1351
2446
665
3866
4107
1759
1297
2179
4334
1594
7286
7082
8918
6841
1933
4041
2443
612
2451
3796
8329
5583
5606
8651
5558
9139
1236
2252
8705
7783
4560
6625
3196
4222
8312
9192
9126
8604
4326
575
8157
9392
4007
8825
7063
1662
6172
8459
521
7339
2478
1320
2496
6112
5307
3556
2580
8264
2031
4032
5816
1849
5669
6876
4696
9144
5114
6325
2266
8379
1659
7217
3245
2078
4781
7537
7540
7850
227
339
1698
3471
8628
3900
5209
5384
6549
1996
5453
9607
5225
9254
3473
3980
7381
2256
2770
546
4407
9158
9004
8894
6413
3283
1231
4509
9838
4443
5260
8880
3785
7282
865
9100
6342
7498
1570
6600
2981
9026
7646
7873
2072
8380
6517
2067
5531
5583
9419
7420
5950
7062
2515
6341
8986
202
2957
4312
526
4004
3923
1143
9730
8083
1106
8702
9198
8629
6709
993
8782
8166
8756
9
983
4456
4889
5097
7038
4112
4231
9948
9085
4404
3000
7984
9239
1736
8282
9424
2117
248
3970
2233
253
6886
83
1871
9941
721
798
1700
6795
4211
8150
8212
6306
752
8404
2735
8359
8185
2128
3304
3695
5683
175
1261
709
8892
2448
9032
148
872
2420
4788
1375
7721
3215
185
6212
6139
9509
4563
5056
1060
8967
9594
8077
764
7961
3769
9331
5163
3854
7340
8333
2852
1830
7025
6206
4219
1008
3338
8988
8006
6714
8567
9086
643
8387
3905
1988
9994
769
2264
1729
6528
1586
9333
2274
9982
9520
5230
34
9965
8498
95
963
3033
3233
2550
4000
5096
7561
5719
9866
7021
1
1593
1476
4855
3687
6425
7612
6224
7867
2835
5252
6582
2113
1419
5989
4560
3321
5843
9626
1318
6194
7026
6987
4927
3273
6804
8399
7706
3636
3481
5583
9184
5531
7019
5827
6563
6984
2717
7819
5596
3543
8708
5437
5144
9093
3526
6640
7190
1806
4317
4124
5428
9871
5784
7794
9875
9144
9035
8234
1138
2487
7066
4640
458
8856
3269
7484
1635
6529
618
8248
1780
8755
4270
6193
837
9527
6275
2197
7921
9913
59
42
5401
8963
5221
2757
3235
2959
1827
2537
2735
4377
638
5787
5203
6439
1483
5940
3464
1224
4658
5992
9236
6306
5791
6425
2838
3625
1387
4893
5825
4550
8788
1887
797
4750
3858
2615
2567
7653
5937
1190
3099
1092
8083
8078
1664
4028
5352
6932
763
8183
4492
9436
778
4473
4532
2512
147
5917
967
3130
1968
8804
3391
1364
989
8200
1885
833
2902
7249
3096
953
2972
366
5712
3973
3733
6159
8851
7627
1345
5560
8926
4543
958
6036
6269
1392
9020
468
8875
8477
3624
2465
2456
4350
2093
7370
3593
9098
6426
4763
6977
5278
7027
6275
4340
4997
2523
7071
9624
1845
3258
9467
318
5719
1347
1988
4348
3676
3741
8483
5065
9761
1203
9448
9524
3632
852
8551
7946
4631
3842
36
784
2361
8948
556
8735
7554
6271
9890
7870
5162
5670
6172
5106
9089
8926
3695
7658
828
1152
42
9003
5852
6928
3785
6253
4120
4377
3599
9594
976
4299
8497
400
6760
7706
221
2273
4134
7340
3937
933
7981
7910
40
1682
8558
2923
1556
1787
9555
4334
8823
4660
1363
818
9776
4970
572
7123
1388
6112
6721
4891
687
1912
6404
3349
849
5431
9204
5229
5223
5064
5008
7970
6302
7910
4076
3098
4238
8359
771
4311
5217
2644
5666
7291
2925
1156
4000
1771
3192
193
4539
4455
1549
621
3149
2671
4022
6510
1968
6451
3181
653
1285
8720
5735
5781
5992
6476
82
3822
5718
537
5641
2621
3461
1559
1987
978
7894
1234
8024
2540
5758
1946
9731
5720
2701
5732
4426
7641
9068
1287
8427
294
4621
6625
2093
130
5947
1066
986
803
62
6220
5135
9061
603
978
2244
7721
7953
4728
4498
7863
973
8636
2982
6742
7754
5219
3385
1625
6874
7951
7166
8302
4414
5205
2914
3201
6742
5539
5203
6079
2058
9086
7519
2608
1514
5632
180
6864
1269
4628
3857
9229
869
8368
5235
9364
1253
4642
5021
4542
6739
8199
6567
3732
1660
348
4260
6106
4299
9881
1240
9546
6011
8489
3014
4208
9490
4763
2540
2644
6366
7535
1502
4937
302
1249
3579
8104
1459
8722
2032
9994
8581
2964
316
4800
9756
4622
3767
6869
4749
8398
7126
9910
8174
9042
4515
4617
2808
9747
151
1547
7589
7857
3664
6499
8109
9641
2899
4673
976
3136
6940
5654
6098
5606
5221
2293
3356
7336
877
1200
6037
5781
9103
4192
4715
3115
7168
5781
1275
3959
8581
1363
322
5047
9985
6413
8002
3817
5402
3397
7463
4885
9170
2183
7855
4326
1242
1428
6228
2671
1647
7541
410
7900
6772
1237
5584
7061
5037
796
8196
6533
7604
1260
5529
9198
1749
8945
587
7021
8208
154
3861
7821
254
8198
2413
5996
3008
1870
7014
8308
3025
289
8006
3749
6819
5640
6585
6484
4844
4801
2053
1004
1036
7818
248
7082
68
8873
1203
6533
63
7026
6424
3428
7634
606
2210
7964
59
4703
72
1836
9630
2176
3069
8212
130
9923
6727
7201
291
2362
6530
5144
165
4754
7019
8905
6292
4236
7260
3392
9699
5606
1753
1446
6773
3961
8203
8590
9715
513
9091
9679
8125
6245
1186
890
4271
8450
4922
2828
9273
1992
6344
7998
5194
203
8923
9749
9404
515
9502
558
5364
5608
8813
293
5037
9470
6721
9931
188
4835
2630
1576
1014
9383
3367
2093
865
4459
7178
8529
7180
7250
2703
5081
3923
7548
5985
5041
6903
7647
232
8497
1125
831
6319
4339
7263
3013
8998
5726
5393
5804
9836
5021
6866
8738
1078
8272
8401
4882
4486
6020
254
7973
8425
2898
624
5381
989
9969
2983
7693
9353
8776
5372
8859
7037
4209
4842
5386
9976
5332
7737
4284
3623
4871
1712
3222
1260
6696
1361
72
602
204
8258
5886
52
4753
8761
3505
7457
9607
933
4249
7388
4853
1844
4779
3764
5310
5978
161
6327
9750
1025
5668
4231
3893
9875
641
5755
6747
3922
7835
5807
5869
4182
2450
8599
4838
3836
8795
6624
1170
847
477
6924
7242
300
861
849
7730
3227
4533
2892
4063
5780
3068
6699
7998
2730
7035
6523
1069
1849
5464
8007
6861
6512
4345
5843
1459
2779
8366
534
9953
533
6199
2317
5185
2289
4916
1536
5518
1569
5679
7744
7973
831
7361
4953
7107
8273
8637
5099
9854
6388
68
1592
9823
8714
3725
5948
2482
7397
1847
7576
6104
7220
8198
9011
4096
6840
5602
8092
2665
2837
6955
5770
7876
6532
5133
2106
4897
4308
2991
976
62
5367
7821
5114
3583
4230
9356
9453
8034
3540
8655
6533
388
7729
4031
5141
2719
3785
1
4098
8223
6228
2665
3602
6058
7821
7345
1845
1510
4211
7267
558
372
7191
5712
1502
6471
6247
9050
7073
4381
3835
8993
7763
575
2473
5399
9868
3193
1568
5361
6018
903
2719
5712
6580
982
5981
8604
2195
8006
9978
7581
5040
9337
3861
9695
4687
6675
5818
1555
1772
2340
4593
241
9124
2413
6379
1419
8730
9254
4809
7925
9100
1015
3846
6361
393
4660
5759
4815
5821
2167
1635
1902
3719
4935
5387
1528
9889
2106
9270
7919
4398
5606
8468
7019
7285
7798
322
7835
1
8259
5275
412
9728
1584
8669
9275
45
9073
6135
5360
7453
3385
2442
895
303
2071
8572
2124
9881
3084
1029
7562
8785
5196
2281
3599
6106
5592
4768
2569
1987
175
6054
7855
8869
5047
4446
640
8123
4899
7482
2697
537
2554
5963
6014
7975
5194
9918
3777
5332
4468
5112
4090
5630
1224
5970
9678
8743
4776
8818
6707
3240
828
9910
625
8871
1504
2133
9569
5975
6078
9983
6405
9247
33
3015
3034
8723
1499
1749
5380
5189
717
4866
8998
5150
1437
2280
6117
3365
2774
7408
1536
8984
7101
9453
550
6089
7910
2691
5683
2508
1305
8873
1055
521
1784
8044
9192
5899
9223
95
6842
8875
1441
9803
561
9846
4230
5827
9881
9365
1099
1504
7167
1285
7788
8167
8762
8460
609
3258
8357
5210
7593
6319
970
9101
7879
2604
3456
5574
8706
1662
1170
1060
556
4253
6457
797
7778
4608
6491
6104
798
7061
9875
9947
6593
3192
3824
5611
3896
5503
8107
9993
2236
6003
2003
7126
2081
9531
6983
4093
385
3314
6684
7081
5981
1659
8810
7716
7178
8945
4583
7771
6317
5591
9961
5422
132
417
8771
2859
2860
2056
7852
1648
6921
4682
6517
9766
2019
4910
9683
1985
6735
1233
7539
5352
5821
9449
1835
8199
5355
8483
7525
1635
3584
3627
7978
6442
1015
45
2269
3808
7800
3013
6922
3616
9948
7038
291
5756
7638
9526
3089
7393
4759
1502
5253
459
8055
3339
7222
2760
1641
1198
1444
27
1130
7031
5420
756
8678
5924
7707
6810
1091
8995
6968
2236
2712
7997
4137
4949
9353
2
254
3450
4032
4810
9594
479
3090
8963
2045
6852
4227
6686
5617
3273
2121
3970
8000
7998
2507
4031
8144
9854
4999
5934
3227
6535
6924
2938
2089
2079
4326
6049
8342
3617
6323
1495
973
7721
3308
1779
4455
9531
3339
8183
4294
1210
6384
5590
4314
2383
1556
8002
5342
2267
9201
4523
9161
3008
4448
1785
7383
6319
8741
4494
2323
8393
291
8581
7126
5203
1630
2086
310
9502
6914
8233
9483
9810
2960
2654
6452
7576
4219
1313
2049
5832
1749
6146
6873
5641
6951
7201
5290
1
1927
9912
8116
9275
6074
5525
8498
5405
6376
5947
2899
772
8130
3122
7376
9243
1593
5936
9695
487
8277
5807
9259
6007
4187
7381
6193
7276
9954
9128
4756
3184
3655
3522
7166
2923
6154
62
9258
650
6498
309
7370
180
5948
8594
9747
4226
6685
4970
7162
2465
8200
7509
1938
2935
9875
1096
4532
6192
8552
6393
3998
6864
9142
9219
4280
8378
7224
6144
6433
6591
3283
8095
8735
6076
3172
1464
4813
1420
7440
8743
5452
4308
4730
44
2242
7780
1060
8783
4073
9207
3708
5773
7766
9715
9744
5828
2249
3551
7974
4844
9845
1808
4745
9006
3062
9316
9377
6760
431
7910
9484
6424
2156
268
9080
9004
7404
1428
3039
6287
3955
8393
2473
747
5252
5305
4396
1298
138
9522
3366
6921
4570
4126
4967
2005
7116
5941
2934
7850
9145
8778
3744
9257
8803
3329
3982
5936
1084
351
3887
6629
8121
9502
7166
5479
5060
5845
9769
3792
9198
1849
7472
990
9630
5785
255
4162
6236
5791
8674
467
4788
8768
6071
1063
3547
9348
6524
9
8215
1985
9567
4660
7012
8327
5941
2031
6079
3849
270
9729
6007
5870
3261
5596
1606
5061
9671
5851
1908
7482
6022
9253
3814
2012
2132
3495
7026
9947
6755
8308
2014
304
5081
6737
7786
6710
6000
2738
8446
564
2169
7892
5226
1700
6747
3144
4164
6915
348
9938
584
8923
5464
3893
3676
4026
2761
8053
3663
9910
4090
387
607
1679
3162
2364
5776
1520
2125
6017
3139
6524
6190
1790
4534
1559
3583
4239
8635
771
9744
9729
8558
2051
3750
170
2149
5634
3070
4032
6399
3909
7620
6796
490
3523
4414
5518
9046
2785
2119
6833
6078
2997
9031
3020
8735
2628
829
6000
1970
671
9976
2139
6986
1387
8873
1156
6836
5334
7947
4643
2473
3846
8052
7728
3548
2223
4248
4135
5268
5574
6632
6517
5273
9461
3283
2041
8633
7098
676
6022
5080
8979
9576
9531
1751
1427
6519
2259
8105
4084
5259
6696
6583
7265
3322
9669
6088
4947
5433
3925
7997
3821
9861
1
3904
1845
3923
6255
170
6153
188
1961
4826
1763
3975
9728
3038
5771
1753
9107
8880
2039
3626
399
536
4007
2595
378
5270
1249
1428
8221
8252
6022
6602
7847
3522
8617
5975
3227
2134
7026
374
6129
7301
7607
5950
9716
8029
3786
2922
4211
963
85
937
5759
9621
8232
8117
7156
5493
3672
169
2432
1315
7551
7732
9043
4944
6069
7749
7806
9840
8315
406
7451
3067
1987
9702
7819
8811
6376
5513
2908
5157
7783
620
1988
6600
4021
1728
1797
8356
8926
1098
8914
4910
9792
6976
4413
2255
3682
4815
5307
7988
5495
7962
6042
5489
9624
6579
6022
4501
6112
6533
5157
4749
6981
1940
9995
8558
5756
6022
2271
7136
7728
6601
774
9961
8712
593
2512
1852
7390
3873
1346
1914
9142
9233
1041
4953
6535
606
2510
1467
4805
8542
2850
5405
3174
5304
8558
843
8656
5934
1771
2481
1324
7287
5512
2339
2186
5807
4372
2721
1128
1182
9995
4915
5488
3015
9151
7783
8939
5522
2591
8483
7024
4239
3980
8479
1125
7457
3011
8232
2204
6364
7362
1989
4745
4349
9948
5487
7190
5983
8581
4955
8081
9937
3905
213
4822
3604
7122
431
9439
2836
37
72
3398
8635
5060
24
5623
84
1031
8512
414
4754
3911
8050
4480
1581
3032
1988
9840
5994
8948
6842
4968
98
1172
946
1100
7053
1281
281
2032
3208
5002
8440
3769
756
3258
6570
5821
8377
8785
6912
9269
7693
1939
8296
9564
9112
4506
5375
9107
1864
7040
1799
866
910
2204
2384
2519
9464
5352
7295
6673
204
855
1196
7497
7393
8923
3768
172
7653
6631
8018
2703
717
3339
2499
9417
8355
2233
5472
1879
5082
4333
2911
9725
8162
8186
5370
3050
8859
9380
8312
3792
2452
706
7879
7101
9698
7630
8608
427
4768
2432
3339
3391
8593
5014
3347
6485
9473
2474
4096
4324
2474
3408
485
4570
6297
3713
6023
548
4533
7190
8286
8598
9228
8748
2277
3032
1331
2498
1942
5807
6011
4194
2267
3227
9388
8843
359
5853
1446
4346
2605
1593
7586
1178
2473
8851
8503
3730
4344
4349
2103
3229
989
1544
5617
7098
9807
4175
3347
623
1413
9285
9213
1522
3240
803
3103
3679
8224
1703
5341
2318
6002
6394
2019
6100
976
5015
2920
1231
615
2865
1320
2710
6330
5085
9900
9821
2719
3253
7665
7756
3959
5401
9275
3552
9019
8120
9084
1218
1694
192
8418
9242
4095
3136
4022
6485
2591
3553
5810
9609
9771
8673
5054
4948
2746
8967
4284
173
35
6498
5488
3315
9756
8237
8926
3616
9582
8804
7720
9394
3235
2694
4443
6386
869
270
602
1431
1948
3346
3672
7746
1698
3283
9144
3348
1645
4794
6595
3360
7572
3452
1364
9827
5087
1535
339
4169
9931
6082
4704
1683
9434
1904
9156
2396
6150
5803
9922
684
6696
5873
3956
1083
1360
5101
2072
6381
461
4273
7011
4189
3905
3339
1136
8095
2502
7576
8620
8251
3782
8665
6625
4206
3807
8371
7279
3776
756
2057
9185
6280
8169
4231
8092
4555
9428
2456
6959
2779
162
1998
1096
5767
9476
5223
2935
7552
4922
1125
4193
9253
2846
9823
728
1975
6901
2694
8744
3394
2421
193
8478
748
7272
3687
845
8393
2777
9825
3733
9370
2381
8259
9427
8092
5355
2861
5342
449
9547
2591
1031
9430
5947
1074
3696
7219
5644
7473
8627
9348
1509
6128
7874
6129
4023
872
211
5357
4386
7267
8732
1216
3885
9722
1749
5128
2723
2674
3836
7060
2340
3098
9421
8158
8635
7043
828
5420
6810
1771
6341
8986
7886
1749
7277
4000
1228
8316
2019
1571
2964
5996
5912
582
7000
9881
2420
569
7214
2248
4947
2971
130
8952
1808
4059
4896
7124
8024
2454
3895
9913
9331
8758
8509
7525
7408
7967
3980
9621
4251
3278
3544
3267
669
2506
6384
9749
2198
9187
9172
520
5322
2697
5396
7001
349
8998
3497
3522
6647
8827
9502
989
4600
9564
4319
4746
1054
2407
7091
1931
3213
4032
5807
5342
2447
1
4177
2600
4999
1987
845
324
412
4090
5632
347
8680
7807
9397
6528
1346
9423
6671
5407
9105
2317
1303
916
8347
1054
8683
6519
7282
7004
787
8119
1215
861
9365
5583
8945
6533
7025
5976
9253
4528
5788
8529
949
1356
6592
9214
1679
2151
2300
9566
2503
4351
1535
1652
9935
6023
7037
4879
7801
5384
9087
2852
7944
6856
6699
7370
4648
9218
4948
4147
4610
1972
5193
5236
8503
5276
5037
845
9931
2826
1167
202
2442
8823
7024
1412
9881
8994
2335
1293
5261
3174
2872
4164
2898
5944
7877
4317
9630
7980
4633
719
5485
7792
8082
4274
5029
8196
4388
3887
7665
2888
3122
6376
9246
6059
9967
3208
9621
3928
4964
8823
4611
2266
8925
2694
8158
3648
5094
4560
2535
5087
4109
3347
4638
7449
573
1745
7135
9932
4041
3031
9673
818
3984
7393
8168
7201
6224
4886
6905
5789
8906
4928
1906
1471
7408
2470
7607
3006
3547
5277
6567
5305
8009
7440
5853
3708
6747
3283
1624
7613
3741
3021
5385
9
7765
1509
2081
2759
777
3154
4051
6733
4074
4113
7181
2204
4827
5205
1900
6903
3763
625
9641
6532
3622
5245
4660
9995
9592
9169
6583
5787
1971
1459
6898
3188
4479
7973
144
4394
2117
4186
3680
5707
9003
2518
1736
5937
2033
4600
9522
6037
8967
1720
5193
1502
5235
4756
4144
4853
8312
175
9069
8886
4712
2062
2212
9474
5810
6156
6825
9569
2494
6524
7879
5039
6977
1641
5567
6721
2665
9357
5899
6767
9266
676
8224
6116
832
6453
9263
3741
4650
4123
5723
5157
7720
9123
2435
7190
5909
4082
7766
1584
6497
3649
8434
4314
2748
3204
2738
3525
6247
172
7393
3030
5717
1190
5417
6437
3449
659
9160
4062
8891
3199
3382
4426
5562
7030
1299
431
9609
7299
5899
5757
1883
2964
5949
1109
6457
5341
84
7830
5224
3697
4461
5823
7945
4381
7012
8278
3275
3029
2285
2397
4295
3788
2100
1459
6939
3045
6775
8427
9400
1370
1147
9303
1693
2319
467
6282
3808
7313
3636
2741
9461
7103
40
5862
8755
6401
3385
8632
5607
5203
6844
9623
4808
5912
2589
2293
6927
9773
6655
7917
9975
6776
2510
5531
1749
757
3330
4798
2720
8265
9671
2347
5222
9225
3692
9442
3304
4795
986
6755
7945
968
3813
8225
4199
4767
3223
5122
1846
138
4301
1626
8349
6175
2746
7174
2805
1571
636
2181
4342
2319
9871
2028
5603
412
6401
3349
703
1092
9546
753
7485
1312
6417
9557
9965
1964
6552
9786
5474
7105
6533
7877
2955
8170
5436
1048
1495
2272
8883
4211
1325
3667
1636
1170
7548
7340
7870
4782
4731
8233
830
6811
160
2031
9776
6235
3362
7818
6916
5452
4502
4263
3346
9093
3808
6285
638
201
3849
1147
2555
7128
5252
3647
8722
3717
65
2916
7126
6007
7919
222
8875
4007
1202
2049
4029
5056
3085
1597
665
5793
2019
3378
4486
5029
5453
3916
5965
9862
8836
7845
3375
318
5740
8842
4128
2086
9448
1221
3196
2852
4421
318
8477
2521
1278
1134
1700
8754
8353
9068
576
513
1068
3358
5221
4462
7778
8594
7344
827
8232
3570
1298
5225
521
728
4020
5720
5700
997
1930
9834
9068
59
5673
9888
8851
7468
4740
2220
4773
6437
9051
986
7746
6308
6259
5203
3394
7961
7124
7092
6424
7428
7017
6849
3722
2225
6181
2057
9239
523
6026
6834
479
9441
9164
1032
6146
5944
5672
2393
473
2686
8821
5832
6389
6026
7621
7174
4403
4980
7031
1106
8199
3727
5004
2898
1198
482
3446
2451
2100
7423
4916
1755
2719
1224
1361
4455
8503
9950
6548
6886
673
5991
3084
1170
5483
2239
8945
4909
6924
2066
7030
9733
6978
1737
9196
5756
1824
3992
3975
2111
9877
8687
4891
2407
7998
914
4271
7480
5848
3462
688
319
9103
5252
9122
8022
1091
34
8647
5250
2426
5377
3810
4023
6088
1556
3824
777
3383
6183
559
5069
9971
4800
3269
8272
6043
4808
3675
9365
6388
9297
1742
424
6772
5493
6772
1657
4096
6007
215
3202
6600
5136
9413
3896
8788
6035
7732
2754
3601
7890
7209
5731
6301
5941
2244
3076
6389
1770
8738
9793
9849
9170
4633
2081
3528
2760
1556
6351
6343
5777
8918
526
6842
5593
1065
4448
8200
9309
9694
4815
2892
7132
2437
3138
651
7191
4391
2855
6747
5832
149
1736
9350
8605
8809
8359
4967
865
6519
5218
7321
1801
9755
2407
6273
4562
2120
1834
4316
6356
4608
976
8439
3816
4251
7658
5247
4227
1298
1487
345
395
5620
9071
8527
1770
8459
122
240
3752
201
3124
3446
9677
9608
6063
8988
9400
4712
1728
6344
7945
7867
9214
1348
2151
3131
5823
4995
3053
7444
3470
6528
5865
746
9529
3615
9236
3599
5699
5123
1684
8150
3067
5800
2474
7872
8184
976
6986
70
2281
7974
8083
64
2422
7877
309
656
7187
5403
6341
1502
6104
5288
8776
496
6763
6689
6916
5757
1276
8299
880
4796
7190
5774
7359
6078
3472
9442
3835
4814
4805
9947
643
1233
4317
5485
4947
4946
2694
4753
1635
6008
8105
9737
1460
8446
4754
615
5557
7030
649
7178
7167
3258
6631
280
8242
8491
1290
4920
3883
7267
4020
2496
5319
9910
1431
7375
243
4236
8270
9792
8884
3817
9528
9326
3253
7006
2723
8032
4378
2252
6376
9157
8753
7484
2058
7362
6747
2442
6061
6437
3202
362
4523
1911
5460
2573
3823
2848
782
3348
545
469
4226
1824
3464
9385
6846
9236
292
7442
1025
4141
6977
3235
8581
3857
189
7778
5191
9921
3461
3310
3713
272
3646
4907
8482
8760
2310
1003
107
6364
4073
3663
4343
8158
9285
3730
5228
4922
4657
4962
2546
3945
1360
9741
4003
4295
3392
6172
7595
4441
8248
7706
1695
739
9356
3390
4031
7844
2891
3294
9331
5235
5646
8060
445
4646
127
3781
4854
2433
6059
132
3975
8031
1279
9192
3858
2130
1770
7947
6530
7190
8738
588
2470
4230
291
1012
3569
6638
2760
6389
3434
3219
758
9636
7073
1063
7821
4675
7572
1961
1976
6920
7217
536
7721
9530
5979
649
5384
6059
502
2865
5808
851
8036
4235
8316
3192
4276
5097
6302
5106
5557
4173
3736
4470
5024
7486
7728
6268
2633
2735
8034
9714
3809
3790
1098
3893
7880
6941
1833
7170
9160
9483
1015
3908
9564
8676
2287
1975
4200
8150
7688
5228
4386
1799
8441
4788
8685
2050
1374
4261
4664
246
6102
8355
8871
8268
1830
680
9896
4007
3159
777
318
1345
5565
2617
5602
417
8952
3548
1635
1950
8044
1660
4215
4798
3203
5660
6733
3808
9841
6094
6116
7480
4909
9352
1143
8291
9060
2113
2781
8572
5834
167
9776
3063
2407
5707
9333
1771
1483
3214
4693
3013
7949
5424
4686
5088
9192
9526
529
3383
9284
5975
1560
6497
2528
8628
6602
1519
8791
1592
9400
5755
6158
3565
8755
8902
8711
4815
9217
9487
1110
5285
964
2731
8551
1290
1838
6063
7339
5273
8174
4625
7136
9854
2953
2206
6953
4473
8848
8233
4240
1061
1621
6378
3903
7438
9145
9445
518
2490
3227
4666
7457
4728
3641
5230
5106
192
5699
5493
2432
9028
777
5219
3200
8895
8015
4844
7721
1167
6697
8982
7478
8257
7180
2466
2039
3611
7902
9332
3288
6469
7166
8772
7252
6842
7625
3356
2924
2055
2892
576
7872
6832
3696
8059
492
8851
8782
8668
4644
9004
4509
9536
2694
2255
2073
9566
3457
7257
1090
6049
1459
5307
3115
24
1827
6230
7457
3650
1136
5081
4722
9275
1246
485
6237
7937
6670
735
627
9132
4104
3357
9361
5344
867
2978
1555
9238
513
9344
5992
9494
3755
1944
1290
8193
5428
3371
2683
787
9814
4547
4261
9236
9919
5998
1705
1127
1340
8625
9108
7016
3854
2647
7503
5886
9733
804
4478
2671
9337
2721
5307
4275
3107
5871
1067
2813
1904
7388
6951
8878
2858
5082
2281
9036
9228
9769
6864
4754
2426
9094
6680
6074
3922
6352
5436
9424
4019
6241
2780
7042
1003
1493
6252
2668
4824
9383
4800
5732
6017
9405
9365
4413
4607
478
9666
2277
3975
1592
7125
4928
399
2866
5235
3351
247
4014
290
6425
3411
8909
7728
3826
2312
2973
7597
6328
5420
5008
1528
4941
4073
6978
1229
519
4058
2275
8412
2319
8272
2004
6812
2298
1568
7291
1964
8146
2406
6579
180
397
4345
5315
4567
1571
7638
3973
2616
623
2106
217
4448
3475
8423
676
7824
53
3049
368
1327
9502
2777
5740
9509
9907
1219
2228
4297
5097
4032
8021
572
4283
9992
6533
2050
3601
1956
1759
6496
2400
4946
5673
5236
3970
9724
6455
8444
6415
1903
9859
3362
7970
27
1475
935
7281
7915
2749
5065
1698
6454
1546
175
6148
7098
2832
5702
2039
1188
6360
1314
1348
9769
4460
1150
8947
3289
9725
547
4175
5628
5271
6583
5679
2699
782
9407
2353
6303
6394
8909
1004
9168
5556
7076
6796
6492
1203
8741
3015
1703
5880
516
482
8607
409
8695
6329
9912
6124
5112
7290
7882
9333
753
6852
290
3109
9673
3762
5715
5789
703
2837
2621
1711
3522
5190
4862
1633
431
3755
2740
6081
2972
858
360
4911
1876
771
3452
7467
5796
1188
3974
2715
8952
6405
5880
4530
2243
7945
5114
1914
8180
7484
587
9001
9087
1636
2273
8243
4675
8278
8278
5252
1910
4377
8840
2082
2450
1755
6806
7831
9747
3385
6190
868
7924
4051
7147
42
385
2645
3813
798
8270
6442
832
1931
5203
4455
1550
9571
5985
8709
9932
2957
7536
1
8906
6443
8577
8109
5947
2180
1931
3846
7641
6634
1068
5128
6074
5602
4102
7770
8718
3496
2509
9433
3690
1025
5062
6755
6969
2316
3945
7420
4012
1211
5544
227
5853
7830
945
5223
1241
2338
6858
6074
8762
3994
9885
5396
8581
8339
4995
9502
3764
9136
3689
1324
4156
5968
2964
8712
6761
3002
4570
41
3472
3039
4325
7578
2317
8915
7677
6624
3223
9061
6953
3062
4231
3687
4387
9585
2777
7607
8619
6074
3491
3347
6721
4086
6174
9764
9083
3108
281
8809
5136
3989
8840
5014
9345
5097
6823
3193
3066
5188
4349
5606
2323
1943
3646
8854
652
5985
8491
4348
224
3838
1677
3767
8471
7787
8693
8252
357
8542
695
640
4756
4871
7631
3104
4096
9285
5805
1267
269
9809
5208
2225
5719
3789
9157
1776
2259
5712
7470
7902
2721
2316
4910
5436
1233
8594
5628
1749
1771
1681
2473
2502
230
619
9697
5062
5716
9757
4240
4308
8808
618
193
8116
9755
728
457
5596
4480
2832
1776
4639
9679
4546
8801
1128
9365
778
1599
192
5221
3858
84
6220
8926
7953
8892
9754
246
8087
3619
3467
550
8056
2233
7881
652
5502
771
307
9705
5223
5068
1419
6786
4515
2442
5467
6600
1747
1776
519
6533
5679
3849
1911
1979
1108
4545
2515
666
733
1939
5268
6900
6601
6124
5896
9871
3926
6117
4565
4358
1470
9755
5415
2689
976
2605
5360
643
3013
7973
9347
922
2541
2140
8513
6382
8108
500
1002
5141
3163
7936
2126
3310
3082
1799
1654
9814
2872
6976
4018
8353
1147
4622
1609
787
2743
1368
3130
7250
9767
1454
3798
5649
869
6524
9557
8699
2155
5407
9858
1217
1381
1726
4251
8352
5283
8561
7522
3507
193
9167
1060
4244
1547
9649
5078
6355
9416
999
5165
8498
5395
3813
9564
4473
3093
2600
4919
5464
2470
5719
70
5085
9445
4450
7756
9323
6074
4171
1400
1921
2830
6836
9672
8753
1871
3888
6016
193
3057
7872
1339
4855
890
490
5259
2032
9919
2633
990
3167
3259
5350
3475
7692
3687
3408
326
7767
1462
8630
5850
268
5203
8705
3594
1133
9490
6755
945
7339
2550
107
2279
7176
8201
6081
1562
9673
9142
2893
1660
1986
3594
3141
6089
7957
5062
9111
2712
3013
3132
4055
7242
3443
7653
2691
4238
6036
2733
1177
898
1494
4661
4361
1536
1773
3446
4169
790
9629
7151
9611
9445
8543
4507
2939
5792
8993
1361
7441
351
4897
8573
9404
5932
1083
6806
2128
55
7973
5613
8641
4995
890
1900
789
5912
5494
7126
254
2781
2493
9186
6330
7026
4137
3137
8147
669
9382
2515
9166
282
6425
199
7728
3905
2647
3823
7558
6010
612
140
5800
7232
3769
254
7344
9873
2953
9331
4248
3157
5370
9655
1266
9067
7638
1166
9233
2440
3362
3124
2600
6557
7453
4641
1202
3851
2319
8361
2092
4398
1912
4169
643
5727
6268
1970
4491
8964
4377
8040
3110
9327
5646
9984
8528
9204
6872
1889
7025
2161
8358
7665
3646
9598
3932
76
1776
4225
8158
2481
5512
5341
1092
3858
291
2912
1085
4844
202
1649
6268
2414
341
2287
9613
3402
6870
3972
2204
5045
2471
3822
8346
2963
9201
3817
1649
400
1217
6634
3200
7283
5591
2318
3737
2638
4866
9242
153
1762
9027
399
910
8363
3093
5920
649
3900
4325
1804
5931
6739
4646
2019
7925
3487
9330
8854
3761
8207
5797
9161
1568
5241
2407
3036
7906
6648
9965
6198
8788
6191
4278
6154
142
8016
2893
9679
8564
8734
175
5329
7781
1359
16
2309
6718
4288
299
6220
7919
2082
4230
8665
8718
4887
3858
9555
7948
4184
9167
2413
2103
672
4090
8003
4120
8858
1586
957
9615
8963
9494
4523
4295
6126
8182
9207
1188
68
6039
5146
9092
669
9562
90
3356
8277
5040
9588
3155
9623
7126
7037
8156
845
280
6300
2983
2477
5810
1090
4809
4210
3852
6068
9204
8463
8652
1188
6415
2437
281
9500
5781
9402
313
1722
8945
3824
199
8230
3026
2842
266
153
6019
4960
6594
4211
9701
4855
7874
2394
8005
1444
4552
1759
339
1346
2075
9760
5707
4955
5375
4931
8347
7334
1052
1559
2563
9964
4164
5539
1485
7283
3331
6225
3151
2910
6945
2420
8398
5518
9331
1787
9032
8463
1788
7381
8753
1708
5097
9555
2767
5389
533
6786
2017
6727
3584
7175
3774
2448
6989
5334
6452
4386
2777
7791
1926
1700
4288
4667
1803
5165
9142
8002
9476
3130
6989
1392
7720
4720
8997
7063
6685
1333
6005
6825
8248
593
7577
8032
1486
5298
4206
347
1698
6351
5861
1202
5335
3984
1048
2440
2997
2038
2407
8117
3351
4453
6744
3227
1658
2215
5471
9783
98
6136
6764
5585
6760
2233
396
379
2451
3594
6558
3468
9242
1125
2624
4063
8666
9157
6624
2852
7646
2616
8153
2413
7728
5390
936
8262
4957
1377
8249
2308
2867
1042
3135
2051
2527
570
1279
3296
4963
2281
9129
1737
3462
7023
9719
9237
8878
1834
5112
2964
2076
6612
3679
4947
7571
3270
9766
248
1976
3340
7638
3972
3294
3087
7629
7289
7084
3595
7059
5136
3737
4149
5995
6499
3068
1097
6521
7490
142
3058
3200
4460
3896
5710
3453
3984
3515
2716
3661
7705
6710
7819
4911
3213
7983
1033
5564
3153
1571
1774
1363
5273
6806
2062
6215
5377
7701
9695
6191
232
6846
3406
7781
502
2019
9728
2427
6524
5367
8401
2123
4032
66
911
3030
6014
6379
8562
6194
7339
4468
591
5827
7426
5557
6392
2361
618
9242
9416
1359
3015
2474
4774
4605
7361
8081
3263
5994
9318
7242
3120
8904
6204
1531
728
378
4007
5604
2183
4986
7910
680
9511
5228
3365
3754
8428
6568
4523
9763
7729
7320
1494
1528
7707
1559
6959
1486
3552
6506
8706
2277
7349
5501
219
1393
3001
9839
6023
1673
1275
8743
1004
7571
5757
2117
6306
9166
2319
7136
7880
8105
3945
9607
687
4749
1162
6038
1136
9801
7263
1933
1936
3583
256
254
3329
5486
1
9434
6120
8503
6519
2106
4959
6703
8059
9913
7003
5018
8988
4003
2582
6068
1360
2498
5944
199
1664
1571
4686
1536
7719
4994
9034
9769
3409
5994
8147
3141
8873
1467
5617
7171
5769
1556
7583
3617
824
1
931
2032
8866
7607
9399
3866
4349
5939
8641
480
8035
2072
9467
2910
6506
640
2008
6740
3329
3583
757
4579
1622
4090
5883
9282
6667
8062
3071
4509
5106
6216
7658
4031
6202
8215
6484
8346
517
5260
2162
7535
9378
7185
2465
5984
2891
5606
5469
818
8890
8825
8971
8633
9247
9910
7327
8690
2507
9168
8255
3420
4145
8874
7390
764
8203
4891
5357
2666
7336
9977
7767
4853
8614
2319
4459
5545
5558
4805
3551
7720
8549
2467
2271
6976
2791
9813
5307
2647
1021
5643
2128
4947
6734
4857
2277
7990
4211
6967
7167
6685
9631
2140
1136
4754
4621
4712
5939
9788
6370
1374
2339
8912
6128
9858
2331
3001
612
3548
9591
4135
8139
8038
7183
903
7126
4281
1259
8873
4442
4771
4296
2520
1964
2120
7637
859
378
9083
5009
8217
8428
1202
9448
8963
3033
8388
7882
3245
6530
8984
9712
9010
2180
7250
2218
8536
5917
7497
9364
1550
180
507
5335
4627
7397
3211
7228
1846
5929
7778
3851
5773
8842
1988
3422
431
1363
8967
9398
5805
2964
3404
2546
9844
1938
7559
8248
6194
2470
3822
9041
2106
5468
9144
9683
1412
9008
7166
5606
339
8411
2274
8817
6068
4909
9326
6342
2667
5781
545
2314
5348
98
7009
3457
3644
135
1512
5592
6625
3777
5929
1562
866
120
7065
4900
8272
550
