10000
3 5 2 4 2 5 2 6 2 6 4 4 2 3 2 6 5 2 1 3 2 6 5 2 1 6 3 1 1 1 3 3 6 5 4 5 6 4 6 4 6 1 4 2 3 4 6 4 3 6 6 5 3 6 2 3 1 5 1 1 1 1 4 4 2 3 3 1 4 4 2 6 6 3 4 2 1 3 4 3 6 6 4 6 3 6 6 2 1 5 6 2 6 6 6 3 1 5 5 5 6 2 2 3 1 1 6 4 6 3 1 2 2 3 5 6 3 6 6 5 2 1 3 1 1 2 2 2 3 4 5 5 3 5 4 1 6 4 5 5 4 5 6 2 2 2 3 2 3 1 6 4 5 5 6 6 6 4 6 2 5 3 5 3 1 1 1 5 2 2 3 5 1 5 4 3 5 4 6 5 3 5 6 2 2 3 2 3 5 4 6 6 2 1 5 3 1 5 5 3 4 2 3 6 3 3 2 3 3 2 4 3 1 6 4 5 1 4 4 4 4 6 2 3 3 6 5 2 2 2 3 3 6 2 4 1 5 4 1 4 4 2 2 3 4 2 6 5 4 1 6 3 6 6 3 6 1 6 1 3 1 2 5 6 1 3 5 6 5 4 3 6 1 4 4 6 1 3 6 6 4 3 4 3 5 4 6 5 5 1 2 1 2 5 1 3 6 5 5 6 2 4 4 2 2 3 6 6 2 5 1 3 2 6 6 2 4 6 6 2 4 2 4 5 5 1 2 5 5 3 1 1 4 5 5 4 6 6 3 1 1 5 5 2 2 3 2 6 6 2 2 6 6 4 6 4 1 5 2 4 4 5 2 5 1 1 2 2 4 3 6 5 6 1 6 3 1 4 5 6 2 3 6 3 4 2 2 5 4 3 1 3 4 1 5 5 2 5 2 6 5 2 4 5 2 6 3 2 2 2 6 2 3 5 2 4 4 3 5 1 4 3 6 1 3 1 5 2 6 3 1 4 5 4 5 6 2 1 1 1 5 5 3 3 4 6 5 1 3 3 3 1 1 4 2 1 3 1 4 6 5 4 5 2 6 2 4 2 2 3 5 1 2 5 1 1 2 5 1 4 5 1 1 3 6 3 2 4 3 6 6 6 5 6 6 5 4 5 1 2 5 5 1 3 4 4 5 2 3 3 3 4 3 1 4 6 6 2 3 5 6 5 3 3 4 6 6 1 4 1 2 3 4 2 4 4 4 1 6 1 3 1 4 1 1 1 5 1 2 2 5 1 3 2 1 5 1 6 3 4 2 5 1 6 5 2 2 6 4 3 2 2 3 5 3 1 5 6 2 4 1 5 3 3 4 2 4 4 3 5 2 3 3 1 4 6 5 4 1 5 5 5 2 6 1 1 4 4 1 5 6 1 3 4 2 6 1 6 4 6 3 3 4 6 4 2 3 4 3 4 4 3 1 6 3 5 5 1 2 2 1 5 2 6 6 2 2 2 5 4 4 5 5 2 6 3 1 5 4 1 5 3 3 4 2 4 3 5 2 1 4 1 2 5 3 6 6 2 5 6 6 4 6 3 3 2 4 5 3 2 2 4 6 2 1 3 5 5 3 1 4 3 3 3 6 6 2 4 5 6 1 2 3 2 1 6 6 2 3 6 3 4 6 3 4 2 1 1 2 6 6 6 5 1 1 1 3 3 5 3 5 3 3 2 6 2 3 1 2 5 3 1 4 6 1 4 5 6 2 4 5 1 1 3 2 4 6 1 1 5 5 5 3 5 2 2 2 3 2 6 3 1 1 6 4 3 2 5 1 2 2 4 1 6 5 4 2 6 4 2 3 2 1 1 2 6 3 5 1 1 1 4 4 5 4 6 3 5 4 1 5 3 2 2 3 2 1 1 2 3 1 5 6 2 4 2 4 2 2 1 4 2 3 1 5 3 2 1 4 2 3 4 5 6 3 3 2 4 6 4 6 5 6 2 2 3 3 4 5 3 6 2 3 3 6 3 2 6 4 3 1 1 1 1 5 1 3 1 4 4 3 2 4 5 1 6 2 4 3 3 6 1 6 4 3 2 1 6 5 2 2 1 6 5 1 1 1 5 4 5 5 1 2 6 2 2 2 6 5 2 3 5 1 1 1 5 5 1 6 1 3 6 4 3 1 5 6 2 5 1 1 6 1 4 1 2 1 6 6 1 6 6 1 2 4 6 5 2 1 5 2 6 3 5 1 2 1 6 6 5 2 1 4 3 4 5 6 2 4 5 6 1 3 5 4 2 3 2 1 3 6 2 5 5 3 6 4 4 2 2 1 2 4 5 5 2 5 3 1 5 5 2 3 2 3 3 3 6 2 5 1 3 4 1 1 3 5 6 5 3 3 1 2 6 3 1 4 6 1 5 6 5 6 6 1 6 2 4 3 6 1 5 1 4 6 3 4 1 5 5 6 3 4 5 3 6 1 4 2 5 5 6 1 4 3 3 5 5 6 1 4 4 4 3 2 1 2 3 1 3 5 6 5 4 1 1 1 4 2 1 3 5 3 6 2 6 5 1 2 2 3 1 1 5 4 5 3 1 1 4 5 4 3 4 6 5 5 2 5 3 1 5 1 2 2 2 4 6 3 5 2 1 2 2 5 3 6 3 5 5 6 5 6 1 5 3 4 5 6 1 3 4 1 2 1 6 1 5 1 3 4 1 4 5 1 4 4 2 5 3 2 1 6 5 1 3 1 3 6 4 2 4 1 5 4 4 1 3 1 3 2 2 1 1 6 4 5 2 2 5 2 5 5 5 2 1 1 2 5 1 1 4 4 5 1 3 5 2 6 2 1 3 3 6 6 2 2 6 5 1 1 2 6 2 3 4 5 3 6 4 1 3 6 1 3 6 6 1 4 1 4 4 4 3 1 3 4 1 2 5 1 2 3 6 4 4 1 5 4 6 2 2 2 5 4 2 6 1 2 5 3 5 1 2 3 6 1 2 2 3 1 2 4 4 6 1 4 4 1 4 5 2 5 6 2 4 2 6 4 3 1 6 1 5 3 4 6 5 6 1 2 5 3 5 4 3 6 2 5 4 4 6 3 6 5 4 5 2 5 2 5 6 3 2 4 5 5 6 5 1 3 1 5 2 2 5 4 6 2 2 3 5 6 1 6 3 4 1 5 1 6 5 6 2 6 5 1 4 4 2 5 6 5 6 1 2 2 2 3 4 6 6 5 4 2 4 1 6 1 3 2 3 1 1 5 3 2 1 3 6 4 3 6 2 6 6 5 2 5 4 2 6 1 6 5 4 1 1 6 5 2 6 6 6 5 5 5 6 2 6 4 2 4 3 2 4 1 3 2 3 5 5 4 5 1 3 5 2 6 6 3 2 1 5 6 5 5 5 6 4 5 5 1 4 6 3 2 4 6 5 4 2 4 3 1 3 5 2 3 2 5 5 1 4 6 2 4 6 4 3 1 1 6 1 1 1 5 4 6 6 5 1 4 1 6 3 2 5 5 2 2 4 3 6 4 4 3 6 4 6 1 6 6 6 3 1 2 3 3 6 4 2 4 6 4 2 1 2 4 5 6 2 6 3 1 4 4 2 2 1 5 3 3 5 5 4 6 1 2 1 3 3 6 5 6 4 3 5 6 6 3 5 2 3 4 6 5 6 5 1 4 4 6 6 5 5 6 4 2 3 5 6 1 6 5 6 5 3 3 1 1 3 1 1 3 4 5 3 5 3 2 3 3 2 6 4 5 1 5 4 5 4 5 1 4 2 6 4 3 4 3 4 1 2 6 1 2 1 6 2 4 2 4 6 5 6 1 2 5 1 2 5 5 4 3 4 4 5 2 4 1 2 4 4 4 1 6 4 3 4 4 5 3 4 5 4 4 6 2 3 5 2 5 6 2 3 2 1 5 6 5 5 4 4 4 1 2 1 4 4 1 2 6 2 1 6 2 3 2 1 5 3 2 5 1 3 6 6 5 4 4 3 2 1 1 5 1 1 3 5 4 1 4 4 3 5 2 5 5 2 3 4 1 5 1 2 5 5 5 4 2 2 1 3 5 4 6 2 4 5 2 1 6 6 1 2 6 4 2 2 4 5 5 4 6 4 6 1 5 6 4 5 2 3 6 5 2 1 6 6 6 2 6 5 4 5 4 3 5 6 2 1 6 4 5 1 1 1 1 4 6 1 3 2 3 1 1 2 3 6 5 3 5 4 4 2 4 5 4 2 6 2 6 6 3 5 1 6 1 3 4 6 6 1 3 5 5 2 1 6 1 2 5 1 4 6 4 4 4 1 4 6 2 1 4 5 4 6 3 5 3 4 1 1 4 1 3 4 2 2 6 5 6 1 5 2 6 1 4 3 4 3 2 5 5 3 2 6 6 6 6 2 2 1 4 1 1 2 1 5 3 3 3 3 3 5 2 6 5 6 6 2 2 6 2 6 6 3 5 5 3 1 3 2 5 5 2 1 6 4 5 1 3 6 4 4 3 1 3 6 6 4 5 4 3 1 4 1 6 2 6 3 2 3 4 6 2 6 1 2 5 6 1 6 5 5 5 6 3 3 4 4 1 5 5 5 4 2 5 3 2 3 3 5 3 2 4 2 3 4 4 3 4 3 6 2 1 3 1 6 3 5 6 5 4 3 2 2 6 4 3 3 3 2 6 1 3 5 6 3 1 2 4 1 1 1 4 6 6 1 1 1 3 3 3 1 2 6 2 1 1 5 1 2 6 2 1 4 1 2 2 5 3 4 4 1 6 1 6 1 5 4 1 4 2 6 3 3 5 1 4 5 1 6 4 5 4 4 3 2 6 3 4 3 5 3 5 6 1 3 6 6 3 4 3 3 2 5 1 1 4 4 4 2 1 6 3 5 5 4 5 6 5 5 4 5 1 5 6 1 1 6 4 6 2 5 5 5 4 1 1 3 5 6 5 6 1 4 5 6 6 4 4 4 5 4 3 4 1 2 6 4 2 4 2 3 1 3 3 3 5 3 1 5 2 3 2 5 3 3 5 6 3 3 2 2 5 5 2 5 5 5 4 4 1 5 2 5 5 6 3 1 6 6 6 4 6 4 1 4 2 6 4 2 5 5 6 1 6 4 5 6 6 3 1 6 1 4 1 1 6 3 4 5 5 3 2 2 6 4 2 4 4 6 3 3 4 3 3 6 4 2 1 3 4 1 6 6 3 5 3 6 6 1 1 5 6 5 6 5 5 4 4 6 1 4 1 6 1 5 5 1 3 6 4 2 5 1 5 2 1 1 6 5 2 6 6 3 5 1 3 2 2 3 5 6 6 5 6 6 2 3 4 4 4 2 3 4 6 6 5 3 3 4 4 4 2 5 2 3 5 5 5 4 5 4 5 3 2 2 5 2 1 5 4 4 2 5 2 6 1 1 1 5 6 5 5 1 4 4 3 4 1 5 2 5 1 5 2 3 6 4 2 5 5 5 1 1 4 1 3 2 5 2 5 5 3 1 1 4 4 5 4 4 4 2 2 2 3 1 5 5 1 1 4 4 2 2 6 4 6 4 4 4 6 6 5 5 2 1 2 3 4 4 3 3 6 6 6 6 1 2 3 4 6 1 6 1 6 3 3 6 3 1 3 1 1 1 3 2 5 2 4 4 1 1 6 5 2 4 6 3 1 2 1 4 5 1 5 1 1 6 6 2 2 5 3 2 4 6 6 6 1 3 4 4 3 1 1 4 3 2 3 3 2 1 3 3 4 4 2 3 2 1 4 3 3 2 5 2 5 2 1 6 2 4 4 6 4 3 5 1 2 6 3 3 6 1 3 3 1 3 1 4 3 3 4 1 3 6 4 2 2 3 1 1 2 6 2 5 2 4 4 2 2 1 4 5 3 3 5 1 4 5 6 4 6 4 6 1 3 1 3 5 4 1 3 4 6 5 5 2 5 5 6 4 4 5 6 1 2 6 3 2 2 6 1 5 2 6 2 2 5 4 5 5 3 5 3 2 5 5 2 3 1 3 4 1 3 4 6 5 2 1 4 3 4 2 1 3 4 5 6 2 1 2 1 1 6 6 1 4 3 3 6 5 2 3 6 3 1 1 2 1 2 2 6 4 5 4 6 2 5 2 2 3 1 1 2 5 1 4 3 3 3 6 3 5 2 6 4 3 4 6 3 6 4 2 4 4 4 4 3 2 6 5 1 6 1 1 1 4 1 4 1 5 4 1 4 2 2 1 2 5 6 1 6 1 4 4 1 4 4 6 6 5 1 6 1 2 2 4 4 3 2 3 6 2 1 2 5 6 6 4 5 6 5 2 6 5 3 4 5 2 4 6 2 6 5 1 3 5 1 2 3 5 1 5 2 5 5 5 2 3 5 2 6 2 6 6 4 1 4 2 6 4 6 1 3 5 5 2 3 1 6 5 4 6 1 1 4 5 6 5 6 3 3 6 6 5 3 4 4 3 1 1 5 4 2 6 5 5 3 1 6 5 1 6 2 3 6 1 3 1 2 1 4 6 2 2 3 1 2 1 5 4 6 2 6 3 5 5 6 2 5 4 6 2 6 1 4 6 3 2 2 4 6 2 1 3 6 4 4 4 5 3 6 6 4 3 5 3 1 2 2 1 2 4 2 6 3 2 6 5 1 5 5 6 4 1 6 6 2 2 6 5 5 3 1 4 1 6 4 6 6 2 6 2 2 4 3 6 5 5 5 1 2 5 6 4 3 2 4 1 3 5 1 5 5 6 2 5 1 1 6 4 5 3 2 2 6 1 3 3 6 6 5 5 3 6 6 5 6 1 2 6 6 4 4 1 6 3 1 4 4 5 1 6 5 6 5 3 3 6 1 4 3 3 6 3 3 3 4 1 4 6 2 1 4 3 5 4 6 4 3 5 1 3 4 1 6 2 2 4 3 5 4 6 2 3 1 2 1 5 3 2 6 2 3 3 6 2 1 3 3 3 2 5 5 1 5 6 4 6 1 1 2 1 1 5 1 3 6 1 3 3 3 3 6 4 2 2 3 2 3 6 6 4 1 4 1 2 1 5 1 2 6 6 3 6 4 6 6 5 3 2 2 4 2 6 5 3 6 4 1 1 6 5 1 1 4 5 6 3 6 1 5 2 2 2 4 1 1 3 3 2 6 2 1 2 6 4 3 2 5 3 2 3 4 2 3 3 6 2 2 1 6 5 1 1 5 6 6 5 6 3 5 1 2 2 2 1 1 6 6 3 4 1 1 5 1 3 6 2 6 2 3 1 6 5 3 4 2 2 6 5 6 5 5 3 4 1 4 1 4 3 6 6 6 2 3 2 1 2 2 5 1 2 5 6 3 5 4 1 5 1 3 6 4 3 5 5 6 4 3 1 6 3 5 2 4 5 2 4 2 2 2 3 4 1 5 5 3 6 6 5 5 2 6 1 2 2 1 2 5 4 2 4 2 6 3 5 1 3 1 2 2 4 1 6 6 1 5 4 3 4 5 6 5 5 6 2 4 1 5 4 2 3 2 2 5 6 1 1 1 5 3 3 2 5 2 5 1 6 5 2 1 3 5 2 5 2 2 2 4 2 5 2 1 2 2 1 1 1 5 1 4 2 5 2 5 2 6 6 6 5 4 2 4 6 1 1 6 3 3 4 3 4 2 2 3 2 2 6 3 5 1 5 5 6 6 6 3 2 2 3 3 4 3 3 4 2 1 2 4 5 6 5 6 5 6 1 3 2 2 1 3 1 3 6 4 2 3 2 5 3 5 6 1 6 3 5 4 2 5 6 3 1 3 1 3 6 5 5 1 2 3 5 5 2 5 5 6 1 1 3 1 2 2 1 3 3 3 3 2 5 4 3 5 3 2 3 1 2 2 5 3 5 6 6 4 5 6 4 1 3 1 6 5 3 5 2 1 6 2 3 3 4 2 6 4 4 4 1 3 1 1 3 3 5 4 6 5 2 2 1 5 5 6 6 6 1 5 6 3 1 1 6 3 3 6 6 2 3 5 2 5 1 4 3 4 1 5 4 6 1 4 5 6 2 6 2 4 5 2 3 1 2 1 6 1 1 5 2 2 3 4 6 6 2 3 1 6 4 5 5 6 6 4 2 1 2 3 3 3 3 1 6 2 4 5 1 4 3 1 6 2 2 1 4 1 2 1 2 6 4 1 1 3 1 5 5 4 6 2 5 5 5 6 2 1 3 1 4 1 1 6 5 5 6 1 5 1 2 4 5 1 2 3 2 1 2 2 4 6 4 3 2 4 2 4 1 5 5 5 1 1 3 4 5 3 4 5 2 5 5 6 1 3 3 4 4 1 1 1 1 2 2 2 5 4 2 5 3 3 2 1 1 6 3 4 1 5 6 1 2 4 2 2 4 4 2 4 2 3 3 6 2 5 5 1 6 4 5 1 1 6 4 1 5 4 2 5 6 3 2 6 1 4 4 2 5 2 6 1 4 5 3 5 3 2 1 5 1 2 5 1 1 3 5 1 4 3 5 5 6 4 3 3 3 3 1 1 5 2 1 6 4 3 2 1 2 5 1 3 3 3 4 2 5 3 5 3 3 1 2 2 1 5 4 3 6 5 5 6 5 6 5 5 1 5 2 1 1 5 6 5 2 5 3 4 2 4 2 6 1 4 1 4 1 4 1 2 5 1 3 2 4 4 1 3 5 4 5 1 1 4 6 4 5 4 1 5 2 2 2 2 2 1 3 1 6 1 4 3 1 1 3 1 3 2 2 3 5 2 1 1 2 1 3 5 2 4 5 4 6 2 3 2 3 6 4 5 3 2 2 3 6 1 6 4 1 2 4 2 3 4 3 5 5 6 1 6 4 3 3 6 6 5 1 1 1 6 2 1 3 3 1 2 1 4 3 4 1 4 4 4 2 6 6 2 3 2 6 6 1 6 6 4 2 6 5 6 5 3 6 6 5 6 4 1 3 1 3 1 6 5 3 3 1 4 5 5 6 1 2 6 5 1 3 6 1 5 2 1 4 2 3 3 6 6 5 5 1 1 4 2 5 5 6 4 1 6 2 1 2 3 6 6 2 6 6 4 1 6 6 3 5 3 5 5 2 5 2 4 2 6 3 4 6 3 6 1 6 5 3 2 6 6 4 2 4 4 5 2 4 1 4 4 3 4 2 6 3 6 3 3 6 5 2 4 3 6 3 1 2 3 6 3 6 6 5 1 2 3 3 1 1 4 2 1 1 1 6 5 1 3 3 5 5 4 5 5 1 5 2 2 4 6 4 3 3 6 4 5 3 4 5 1 5 1 2 2 5 2 1 4 5 1 3 5 3 3 4 4 1 3 2 4 5 5 6 1 3 4 4 5 5 5 5 3 1 3 4 3 5 6 3 2 4 4 5 5 1 1 6 1 3 3 2 5 3 2 4 3 1 4 5 2 4 1 1 4 1 5 1 5 4 6 2 3 4 1 4 4 1 5 1 5 6 1 4 3 1 6 1 6 3 3 3 5 4 5 4 2 1 1 6 1 5 1 5 2 1 1 1 2 4 6 1 4 3 5 4 6 3 5 1 6 4 1 4 5 3 1 6 2 1 1 6 1 4 4 2 2 1 6 6 6 6 6 1 4 3 2 3 4 5 2 5 5 2 5 2 6 6 5 4 6 5 6 6 4 1 6 1 3 6 1 4 4 6 5 2 1 6 5 2 4 3 2 3 3 5 3 5 1 3 6 6 2 6 4 5 2 1 3 1 3 6 6 3 3 3 1 3 6 2 2 6 2 5 1 1 6 3 1 6 3 1 4 5 2 1 2 4 6 5 4 6 2 6 2 5 3 3 4 5 6 5 4 6 3 5 3 4 6 1 6 2 1 5 6 3 4 5 3 3 3 6 4 5 2 3 6 1 3 2 1 4 2 1 4 3 5 3 1 3 3 6 4 4 5 5 5 4 6 2 1 3 3 1 6 6 2 5 1 5 1 3 5 4 5 6 2 5 5 6 2 5 3 4 5 6 5 5 4 5 2 4 4 2 2 2 1 2 4 4 1 3 3 1 6 3 3 5 6 1 1 2 4 1 2 6 4 5 2 2 4 6 3 5 2 4 5 2 1 3 2 2 3 3 2 6 4 3 1 1 3 5 2 6 3 6 2 3 6 2 6 3 3 3 4 6 6 2 5 5 3 5 6 2 2 3 4 1 6 1 6 2 1 4 6 6 4 6 3 1 4 5 4 6 5 2 5 2 1 5 4 6 4 6 3 2 2 5 4 1 6 5 1 3 5 1 1 5 5 3 2 1 3 3 5 6 3 4 6 2 3 2 1 4 5 3 3 3 4 2 5 4 3 4 3 4 5 5 5 4 3 4 5 6 2 5 5 1 6 1 3 5 2 6 5 2 2 4 5 1 2 2 6 4 1 2 3 5 3 3 3 2 6 5 6 4 4 4 6 6 1 5 6 2 2 3 3 5 6 6 3 1 4 3 4 5 2 5 2 6 2 2 5 6 5 2 2 3 5 6 5 4 2 5 4 4 6 1 2 5 6 6 2 1 1 1 2 3 2 4 3 2 5 3 6 2 3 2 6 1 1 6 4 1 3 5 3 2 5 2 5 3 2 4 1 5 3 2 6 1 6 4 5 1 1 4 4 3 1 6 5 4 4 1 2 6 4 6 5 3 5 1 2 3 5 3 4 5 2 5 4 5 2 2 1 6 2 4 3 2 2 1 6 6 5 1 3 2 5 6 4 3 6 3 6 4 5 5 3 6 4 2 1 5 6 4 5 4 1 6 1 5 6 2 2 5 1 2 3 2 2 2 5 5 4 2 4 3 1 4 5 6 3 5 2 1 6 1 5 5 3 5 5 1 3 6 6 5 4 5 3 1 3 5 6 1 1 2 6 1 4 5 4 5 1 5 1 1 4 4 1 2 3 3 1 2 6 4 2 6 6 4 1 1 1 5 5 3 2 6 6 3 1 2 1 2 6 4 2 1 3 4 1 4 2 3 2 3 5 1 2 1 1 5 5 3 3 2 4 6 2 2 4 2 5 5 5 1 5 3 6 5 6 2 3 2 6 2 1 2 5 4 1 3 6 1 4 3 6 4 2 5 6 2 1 2 6 3 1 2 5 4 2 1 6 1 2 4 6 1 1 2 2 5 2 4 2 4 4 4 6 3 5 6 1 1 4 6 4 2 5 5 1 3 1 3 5 5 2 5 6 4 2 1 1 1 5 1 2 4 2 5 3 5 2 5 1 1 5 6 2 2 2 2 3 3 6 1 4 6 5 1 5 2 2 6 2 1 5 3 2 6 2 5 6 6 2 6 2 4 3 4 3 5 3 2 4 2 3 2 5 6 1 1 2 3 4 2 4 5 6 6 4 6 2 6 1 6 1 3 4 1 3 3 1 6 3 3 2 3 1 1 1 1 1 3 3 6 3 5 5 4 3 2 6 1 2 3 5 2 2 6 6 3 2 3 1 5 1 3 4 2 2 5 4 3 4 5 5 6 1 5 2 2 3 1 5 3 1 5 6 6 5 4 2 5 4 4 2 1 6 1 2 3 1 5 6 4 1 4 6 5 5 2 4 5 2 3 1 1 4 3 4 3 4 2 2 2 5 3 4 6 6 2 6 2 5 3 2 5 1 4 2 3 4 3 4 2 2 1 5 2 4 4 1 6 6 4 2 2 2 1 1 4 3 5 5 5 2 5 3 1 1 2 6 6 4 5 6 6 3 3 6 2 4 3 3 2 6 3 6 4 5 5 3 1 6 1 5 3 2 4 2 4 3 2 1 3 1 1 5 2 5 5 1 6 3 6 2 2 4 1 5 5 2 2 5 4 4 4 6 4 4 2 6 5 3 5 2 3 5 5 5 3 6 2 3 1 1 6 1 2 4 5 2 6 6 6 4 6 3 4 5 1 6 5 5 4 5 3 2 4 4 1 1 5 3 4 1 6 4 2 3 5 5 4 6 3 5 6 4 2 3 1 2 2 5 6 6 4 2 6 1 6 4 4 2 6 2 4 4 3 6 6 1 4 4 6 6 1 6 5 4 2 4 4 1 1 6 6 1 3 6 2 6 4 1 1 2 2 1 1 4 1 3 6 6 3 1 2 4 4 4 5 3 5 5 1 4 5 2 3 2 6 2 5 3 6 5 4 1 2 1 6 1 5 1 4 3 6 4 6 3 2 5 5 3 1 6 4 3 4 2 2 6 1 4 5 5 3 5 6 4 3 2 1 4 6 6 2 5 4 5 5 1 3 3 3 6 3 3 1 3 3 6 5 3 1 5 3 4 1 3 5 5 4 2 3 1 5 1 2 6 5 2 6 6 6 3 2 4 3 1 4 5 6 2 1 1 3 1 3 6 2 1 2 6 5 1 1 6 1 4 5 6 4 6 6 4 3 4 5 6 2 5 4 2 4 4 4 2 4 6 3 1 6 3 5 6 1 1 3 1 3 4 6 5 2 2 4 5 1 4 3 4 1 2 5 1 6 5 4 2 4 1 2 3 1 4 5 1 2 4 6 1 1 4 6 2 1 3 2 3 5 2 4 1 3 6 5 3 2 1 2 3 1 6 4 6 3 6 5 3 5 4 1 4 6 5 4 6 4 1 4 4 4 2 3 2 6 4 3 4 4 1 5 5 3 4 2 2 1 5 2 1 4 1 1 4 6 1 2 4 1 3 2 5 6 6 3 3 2 1 3 5 1 3 3 5 4 4 1 1 4 2 6 3 5 6 5 5 2 2 6 3 4 4 3 2 3 2 1 1 6 2 2 3 2 2 1 1 3 5 5 4 1 4 6 1 4 6 1 6 1 1 3 6 5 6 4 3 5 4 6 1 2 5 6 1 2 6 5 2 6 3 4 3 6 1 5 3 1 5 2 3 1 5 1 5 1 5 2 5 5 6 3 5 1 6 1 1 2 4 5 5 6 6 1 4 5 3 1 6 5 4 5 3 6 2 6 1 1 1 2 1 2 1 1 6 4 3 4 4 1 5 6 2 2 5 1 1 4 6 3 4 6 6 5 1 1 3 6 6 1 2 1 1 4 6 5 2 2 5 2 3 4 3 3 6 6 3 4 6 1 5 2 4 1 3 4 1 6 4 2 6 4 2 3 5 3 6 6 4 5 6 4 1 5 3 2 1 5 2 5 4 1 4 6 6 2 4 1 5 4 4 2 6 6 6 2 6 1 2 4 6 2 4 4 6 1 1 1 2 6 2 2 1 2 1 2 4 6 5 5 5 1 2 6 4 5 4 6 3 6 4 2 4 6 6 2 2 1 2 1 3 2 3 2 2 4 5 2 6 4 5 2 6 4 2 2 2 4 5 1 1 2 1 4 5 6 4 4 5 3 4 1 6 3 1 6 1 5 3 2 5 3 5 4 6 4 1 5 5 1 1 5 6 6 2 3 1 1 4 6 2 4 5 2 5 6 6 3 4 5 5 6 6 3 4 6 5 2 1 4 2 4 5 5 2 4 3 3 3 3 4 6 4 3 5 1 3 4 3 4 5 3 4 6 3 1 3 2 3 5 6 4 2 3 4 4 5 3 3 3 4 6 4 1 6 4 2 3 5 1 6 3 2 3 1 6 3 5 3 4 1 6 4 3 6 6 1 6 4 1 3 3 4 2 4 5 5 6 1 4 5 6 6 6 5 6 2 5 3 3 4 4 3 1 3 6 3 1 5 3 2 4 6 2 4 3 1 2 6 4 1 2 2 1 2 3 6 3 3 1 3 1 4 6 2 1 5 5 4 1 5 3 4 2 5 5 3 1 1 3 5 2 1 1 5 2 1 2 4 1 3 6 3 1 3 2 3 1 4 6 2 2 4 6 2 2 4 5 1 3 4 4 2 4 5 1 4 4 1 6 4 4 5 1 6 1 6 6 5 6 6 3 3 5 2 3 2 3 4 6 3 6 2 1 1 2 2 1 1 5 5 1 2 4 3 3 1 4 4 3 5 4 6 4 1 1 4 3 1 3 2 4 6 3 1 5 2 1 4 4 4 3 5 3 4 6 1 1 4 6 4 4 4 5 6 4 6 6 5 4 5 5 4 5 5 4 1 5 6 2 3 5 5 5 1 3 5 2 3 5 4 2 5 5 4 5 2 4 6 1 1 2 5 5 5 2 3 1 4 3 4 1 3 1 1 6 2 3 6 2 4 1 4 6 6 5 1 3 1 4 2 4 1 1 1 3 3 1 1 5 4 2 6 2 1 5 4 1 5 1 2 6 1 5 2 1 2 2 1 3 2 5 3 3 6 3 6 4 4 6 2 1 3 3 6 2 3 4 3 4 4 2 5 4 1 5 4 4 1 4 5 5 3 3 5 4 5 2 2 5 3 2 6 5 4 3 2 3 1 2 6 1 4 3 3 4 5 2 5 1 3 1 1 3 1 2 4 4 1 4 5 6 2 5 6 6 1 6 2 6 5 6 4 3 3 3 4 4 6 6 2 5 2 2 6 6 1 3 1 1 5 4 2 3 1 4 1 5 2 6 1 3 5 2 3 5 1 4 2 3 3 1 3 5 2 6 3 3 1 2 5 1 1 3 6 1 4 6 5 5 6 2 6 1 5 1 1 1 2 1 5 3 1 4 1 2 1 4 4 4 3 4 4 6 6 2 4 3 3 1 3 3 2 5 5 3 2 5 5 5 6 1 4 3 2 2 3 5 6 4 6 2 6 2 4 3 3 6 1 2 6 5 3 4 1 4 6 3 3 5 5 4 2 6 5 3 4 4 4 4 3 3 1 1 2 5 2 6 5 6 6 2 3 6 3 4 2 6 2 3 6 1 4 1 5 5 3 2 1 4 6 6 2 3 4 5 2 6 6 3 1 1 2 2 6 2 2 5 6 6 4 1 1 5 4 1 3 6 3 5 6 3 1 6 2 3 6 4 4 2 2 2 6 4 3 2 4 3 5 2 5 4 1 5 3 6 2 1 5 3 5 6 1 4 6 6 6 4 4 4 6 4 2 2 5 6 4 2 2 5 2 2 2 2 5 4 4 2 3 6 1 5 2 6 2 4 3 2 6 5 6 2 5 2 1 3 2 3 4 4 4 2 4 2 5 2 1 5 2 2 5 3 2 1 6 3 5 1 6 4 5 2 6 2 6 2 6 1 2 1 6 4 4 4 6 6 6 6 3 4 6 6 4 4 6 6 6 6 1 6 5 3 2 3 5 6 3 3 2 2 6 5 2 3 4 1 2 1 2 4 2 5 3 6 4 6 5 2 2 3 4 2 2 2 2 4 5 6 5 3 4 6 3 6 1 4 6 6 4 5 3 4 6 6 6 5 1 4 5 6 6 4 3 5 4 4 3 4 3 5 6 2 2 1 3 2 2 2 1 5 5 6 2 5 4 3 4 4 6 2 6 5 6 5 3 2 4 2 5 3 3 1 6 4 1 2 4 6 6 3 4 1 6 3 1 2 2 6 2 5 4 4 2 6 5 6 6 4 3 1 5 2 3 4 5 5 5 3 3 6 1 6 6 1 2 6 5 2 6 6 3 6 5 1 2 5 5 2 2 3 6 1 4 2 1 6 2 6 2 2 6 6 4 2 6 2 4 4 4 1 2 2 4 3 6 2 3 4 5 3 5 5 3 5 2 3 6 5 3 1 3 1 6 1 5 2 2 4 4 1 2 4 3 4 1 2 1 5 4 4 3 4 1 2 1 3 4 1 6 5 3 4 5 5 4 2 1 1 3 3 1 1 2 6 4 2 4 2 1 6 5 4 3 2 6 5 2 6 1 5 2 5 1 4 1 4 4 4 2 6 5 4 5 4 1 3 5 1 2 6 4 3 3 1 3 4 3 5 4 1 1 1 2 1 1 2 3 4 3 3 2 6 2 1 1 2 5 3 3 3 6 5 2 5 6 3 6 4 4 4 5 2 3 2 5 1 5 4 6 4 4 3 5 1 3 6 1 2 6 6 1 5 6 3 5 5 4 1 4 1 3 2 4 3 5 4 4 3 6 2 3 3 4 6 1 5 3 3 4 6 6 2 3 2 4 1 2 5 1 3 3 6 3 5 6 3 2 5 5 1 1 6 3 2 5 4 4 1 2 6 3 4 1 4 3 4 1 3 1 4 3 5 2 4 3 3 3 1 4 3 5 6 4 6 5 4 5 6 2 6 2 6 4 5 5 2 2 6 2 4 6 1 1 4 3 4 3 3 4 5 6 5 1 4 1 2 1 2 5 1 6 1 6 2 5 4 5 4 1 4 2 1 5 4 1 3 1 6 4 6 6 5 6 5 2 1 1 1 6 6 4 2 2 4 2 1 5 5 3 2 3 1 5 3 1 1 6 5 4 1 4 1 6 2 3 1 2 4 1 4 4 2 2 6 3 4 2 6 3 6 4 2 2 4 6 6 5 3 6 3 3 3 3 6 6 6 6 3 4 4 6 6 2 4 4 2 1 1 3 3 1 5 6 5 5 1 3 6 3 4 5 3 4 4 5 5 3 2 3 4 3 4 5 3 1 3 2 4 3 5 3 5 5 2 1 2 4 3 6 6 3 3 2 6 3 4 5 1 5 6 4 3 1 4 2 3 2 6 3 6 1 6 3 2 3 5 3 4 4 2 1 3 6 6 6 3 3 4 6 3 2 1 4 3 6 5 2 4 1 6 2 2 3 4 6 5 2 4 4 4 1 4 6 5 3 1 1 6 1 4 2 6 6 2 5 2 6 5 6 1 2 3 2 2 3 2 1 2 4 1 3 1 5 1 4 3 2 5 4 3 6 1 4 2 6 5 4 4 4 6 6 2 6 5 4 1 2 5 6 5 3 6 4 5 4 5 5 6 5 3 3 4 1 4 2 6 1 3 1 5 3 4 3 5 4 1 4 6 5 3 5 3 4 2 4 4 2 6 4 6 4 2 2 4 2 2 1 6 2 4 6 2 5 3 5 4 2 6 5 3 3 5 1 2 6 5 1 1 5 2 3 2 5 5 1 3 1 3 1 1 1 6 4 4 3 1 2 2 3 6 3 6 3 1 3 2 3 4 4 5 2 4 1 5 6 1 5 3 2 5 2 2 1 5 2 3 3 6 5 6 5 4 2 1 2 2 2 6 4 4 6 5 3 1 6 3 2 4 3 5 6 1 2 5 5 2 2 2 1 3 1 5 6 3 2 4 3 4 1 4 1 2 3 5 5 4 5 3 2 4 3 4 2 4 5 2 5 6 4 3 5 6 3 2 3 1 1 1 5 1 2 2 5 6 5 6 5 3 6 2 6 5 1 6 4 2 1 5 5 3 1 3 5 1 2 1 4 1 2 6 4 5 4 2 4 2 6 4 2 3 3 2 3 3 2 3 6 2 2 6 2 1 2 4 3 4 6 4 4 2 5 5 3 3 5 2 1 5 6 2 1 1 2 2 4 1 3 6 1 2 2 4 2 1 4 2 5 6 2 3 6 4 4 1 1 5 3 4 6 1 1 1 5 4 1 3 2 2 6 1 3 4 4 5 5 5 6 2 4 1 4 6 1 5 6 1 3 1 5 5 6 2 2 5 1 2 6 2 5 6 4 2 4 2 4 4 6 4 1 1 6 5 6 2 4 6 5 3 3 4 1 5 2 6 1 2 6 3 5 6 6 2 2 6 6 4 6 5 5 6 4 2 5 2 2 6 1 6 4 2 5 3 4 2 5 6 4 6 4 1 3 2 3 2 1 3 5 5 1 5 5 4 4 5 5 1 1 2 2 4 1 5 1 2 4 5 3 4 5 3 3 3 4 1 5 1 1 5 1 1 4 5 2 2 6 1 1 6 5 4 3 2 6 1 4 5 4 1 3 6 2 6 3 2 2 6 3 3 4 5 2 1 5 4 5 1 6 2 1 4 5 2 2 4 5 3 5 3 5 5 4 4 3 3 5 6 1 4 1 4 5 4 5 6 5 6 3 5 2 5 2 5 5 4 2 1 2 2 4 6 6 4 1 1 3 1 3 1 2 5 3 2 4 1 2 3 4 2 3 4 4 3 1 2 3 5 1 3 3 6 2 3 2 6 1 2 4 3 1 4 5 1 4 6 4 4 4 6 6 1 5 5 3 5 2 4 2 3 6 1 6 1 1 2 4 6 5 1 6 5 2 2 4 6 5 1 4 1 3 2 5 1 3 4 5 4 4 3 6 5 6 6 1 4 4 5 1 3 3 2 6 5 3 6 5 5 2 5 2 3 1 2 4 6 5 4 1 4 3 2 1 2 2 6 5 2 3 4 4 1 3 6 6 4 6 3 1 1 6 2 4 6 4 2 5 5 5 2 3 3 3 4 3 1 5 3 6 5 2 4 5 6 5 5 1 3 1 1 6 1 3 2 5 2 5 5 4 5 6 4 1 6 4 3 4 2 5 5 6 3 3 1 4 6 4 5 1 2 5 6 5 5 1 6 6 2 2 4 4 4 4 6 5 3 6 3 4 6 3 2 1 1 1 3 4 2 1 5 3 5 4 4 2 3 4 1 4 4 3 4 4 2 4 1 1 2 4 1 3 5 6 6 6 1 5 6 2 2 1 2 2 5 6 1 4 6 3 2 1 2 6 5 5 1 3 1 4 4 4 2 6 2 2 2 4 5 3 5 5 3 5 3 6 3 4 5 1 6 1 1 2 6 2 2 2 2 3 5 2 1 2 2 3 4 2 4 6 4 2 5 5 6 2 4 1 3 6 6 2 4 4 4 4 4 1 3 6 6 4 4 3 1 5 6 4 1 6 5 5 4 6 2 4 2 1 5 5 3 1 1 5 4 3 2 5 4 1 6 6 3 1 2 4 2 5 1 5 1 1 3 3 2 4 4 1 1 6 3 3 4 5 1 2 3 2 3 1 3 2 4 1 6 2 5 5 4 4 2 5 6 6 3 1 4 3 5 1 6 3 3 6 4 6 6 2 5 5 4 6 3 2 6 5 6 1 4 4 5 6 2 5 5 2 5 4 4 2 6 6 2 3 6 5 1 5 5 5 6 2 4 5 4 1 2 6 3 2 6 4 4 2 5 1 3 2 2 4 6 1 4 1 1 5 6 2 4 1 3 5 2 1 4 6 5 5 3 4 6 3 3 3 4 1 3 2 2 6 3 2 4 6 4 4 6 6 3 2 6 3 6 3 6 5 1 2 5 1 5 1 1 2 3 4 6 6 1 6 1 3 2 1 5 4 3 6 4 4 1 1 3 1 6 2 3 5 3 6 3 3 5 4 6 2 4 3 5 4 4 2 3 1 6 3 2 5 1 3 2 6 4 6 6 6 4 2 3 1 5 1 1 3 3 4 3 2 4 3 2 6 6 2 4 5 1 6 3 5 6 1 6 2 1 5 5 6 5 4 3 6 4 4 4 3 3 3 3 5 2 3 5 5 3 5 3 4 5 2 2 1 2 4 5 2 2 1 5 6 1 4 1 6 5 6 2 1 1 5 2 6 2 4 3 4 3 2 1 3 4 3 2 4 1 5 2 1 1 4 2 6 6 4 1 3 2 2 1 1 5 2 4 3 6 4 1 6 5 1 6 3 6 4 3 4 4 1 6 1 3 2 3 4 6 5 4 2 3 5 6 5 5 3 1 3 4 2 5 4 1 4 2 4 3 5 4 3 6 6 3 1 4 6 3 1 4 2 2 3 3 5 4 6 3 6 5 3 1 3 4 3 6 6 4 5 4 4 4 5 5 1 3 2 4 2 5 5 2 1 5 4 6 1 1 5 1 5 3 1 6 6 2 3 6 4 1 2 1 2 1 3 5 5 4 2 5 6 3 2 2 1 5 6 4 3 4 3 1 2 2 2 5 1 6 4 4 3 5 5 4 6 4 2 5 4 3 2 3 3 1 3 2 2 1 5 4 2 5 3 4 1 3 4 1 5 1 6 4 2 6 4 6 6 6 5 2 5 4 6 6 3 1 5 3 4 3 4 2 2 5 3 4 1 2 1 3 1 6 5 6 2 4 4 1 5 4 5 1 3 6 2 1 4 4 5 4 5 2 3 6 5 6 5 4 4 4 5 5 1 6 5 1 1 4 6 6 4 1 6 6 3 6 2 2 6 1 6 3 5 1 6 6 6 4 2 1 4 1 6 6 2 4 3 2 2 5 4 1 5 5 5 2 5 2 1 5 6 4 4 6 4 5 6 3 3 3 4 1 6 6 2 4 4 2 5 1 3 2 3 4 2 2 1 2 3 2 3 2 1 5 3 5 3 2 3 5 5 4 5 2 5 4 3 2 4 5 3 6 1 4 1 1 4 6 4 2 2 2 5 2 3 4 6 1 2 4 4 4 1 5 5 3 4 5 3 3 6 1 4 6 6 3 5 5 3 1 4 5 1 3 1 6 4 5 4 5 6 1 2 4 4 3 2 3 3 3 3 5 4 6 3 1 3 6 1 5 2 1 2 4 4 5 2 4 4 4 2 3 5 2 1 2 4 4 1 4 4 5 5 1 6 5 1 2 4 3 3 4 6 3 2 1 5 3 3 4 2 1 1 3 5 5 1 4 5 4 2 5 3 6 4 4 4 3 3 3 4 1 4 4 3 6 5 3 3 6 3 5 3 3 1 1 4 5 2 4 6 5 2 3 1 5 4 6 3 3 2 4 3 6 3 1 5 6 5 5 3 2 4 2 3 5 3 3 4 2 2 2 5 4 1 5 6 4 1 6 4 6 2 5 1 2 2 4 1 5 3 4 5 5 5 5 3 3 4 2 2 5 3 1 4 1 4 1 4 5 1 2 3 2 1 4 6 2 3 2 1 4 4 3 5 1 3 1 6 6 2 6 3 4 5 6 3 2 3 4 3 5 5 6 4 5 2 2 5 3 1 5 1 4 5 4 6 1 5 6 3 4 2 6 6 2 4 5 5 6 2 1 3 2 5 1 4 1 2 4 4 2 1 6 5 2 4 5 2 3 1 4 4 3 6 5 2 2 6 5 3 5 4 4 4 1 5 5 5 1 6 6 5 3 1 1 5 3 4 6 6 6 4 5 3 1 1 4 4 3 4 2 6 1 4 1 5 1 6 3 1 5 3 3 2 1 3 1 3 1 5 2 4 2 1 5 6 2 2 4 6 1 1 3 2 1 2 2 2 1 6 1 5 3 4 6 2 5 6 4 6 4 4 5 4 3 6 4 4 3 3 6 6 3 4 4 6 1 1 3 5 5 1 1 6 6 6 5 3 5 5 5 2 5 2 1 4 5 4 4 2 4 5 3 4 1 2 5 3 2 4 1 3 2 6 4 6 6 6 6 1 3 6 3 1 6 2 6 2 1 5 1 1 2 2 4 4 2 1 1 5 2 4 3 3 4 1 3 2 6 6 5 2 5 5 4 3 3 5 1 2 1 1 3 2 4 5 3 1 4 6 5 1 5 3 1 1 6 1 2 2 5 2 5 3 1 1 6 5 1 4 5 5 4 2 5 5 2 1 2 4 1 4 3 1 5 4 5 3 3 1 3 2 6 3 2 5 2 4 5 1 4 6 5 6 1 3 6 3 1 1 5 6 2 2 2 5 1 4 1 2 4 3 6 5 1 4 6 6 2 5 3 5 2 2 5 3 1 2 2 4 5 6 4 1 3 5 5 5 1 3 6 4 6 1 3 5 4 1 1 3 2 2 6 4 1 2 4 3 6 4 3 2 4 3 1 3 6 2 1 3 2 1 5 5 4 5 4 2 3 5 6 5 3 1 5 6 3 1 4 5 2 1 6 5 2 5 3 3 2 6 3 5 5 1 4 2 6 3 2 6 3 1 4 4 5 4 2 2 2 5 2 3 4 1 5 5 6 5 4 1 6 6 6 5 1 6 5 2 1 5 2 2 1 4 2 5 4 1 2 4 6 3 5 4 4 6 3 3 3 6 5 6 2 5 2 5 2 2 5 2 3 6 4 2 4 4 1 6 4 3 2 6 6 6 5 3 1 2 2 6 1 1 3 3 2 2 1 5 3 6 5 5 4 2 3 5 3 3 3 3 2 1 2 3 3 3 2 5 3 4 6 3 3 2 2 2 4 1 6 5 3 2 1 5 1 3 6 6 4 3 5 6 2 4 4 6 4 3 4 2 2 4 2 3 6 1 4 3 1 6 3 2 2 1 5 4 1 5 5 1 6 3 6 1 6 2 5 2 2 2 5 3 3 2 6 5 2 6 2 1 3 5 2 3 5 3 1 4 3 3 5 1 2 1 5 4 3 3 2 4 4 2 1 4 1 2 2 2 6 4 4 2 3 6 5 1 6 1 4 2 2 1 1 1 6 2 1 6 5 1 4 3 4 2 3 2 2 4 6 5 2 1 2 6 5 6 6 4 1 2 2 4 4 2 5 4 2 1 6 5 2 5 3 1 4 5 5 6 2 2 5 5 3 3 6 3 4 2 3 3 1 2 6 5 2 4 4 5 1 5 6 6 1 5 3 1 3 2 3 6 2 1 5 2 2 5 3 1 6 1 5 6 6 1 2 5 3 1 4 4 5 2 2 4 6 5 2 6 5 3 2 5 6 6 6 2 4 6 1 3 1 5 3 2 1 6 6 4 5 4 3 1 3 2 2 4 5 6 1 2 1 4 6 2 2 4 5 5 4 4 3 5 3 5 2 4 5 2 6 5 2 2 1
4881
5971
1921
160
3327
3417
9240
8400
3056
4972
3313
9832
9373
8702
1990
5852
7934
4222
5442
9083
8887
2056
5218
5357
2389
6544
5481
4963
6598
7965
7795
787
3852
5511
9206
3832
996
4756
3251
5148
3701
5714
143
7485
5591
1906
9449
4366
8944
9043
8443
7978
8746
6082
3001
1323
9666
8808
3646
7974
1097
2886
6668
6287
2179
2397
6218
1589
2838
4200
8590
3760
6147
8024
8548
5251
4952
1733
5591
2671
5456
5793
8521
8472
2179
8240
5772
8934
9832
4584
988
2991
7709
6862
7268
4031
3604
1097
8068
3174
7387
779
208
4258
789
3695
8298
5106
7562
2311
4923
9401
8345
7658
1758
4199
2114
7498
8532
8451
8220
1951
8246
3089
1317
6179
1607
5509
1979
6054
1151
6616
9001
7457
9857
9109
2497
9614
1782
3089
4659
6254
5579
9156
2319
1382
5320
3910
8793
8203
1905
7676
7710
1082
1333
5690
1340
6935
3845
9607
3008
4359
6125
9681
2681
7965
4222
1567
2843
3779
8664
5813
385
9351
4698
26
1919
3261
6770
5841
6463
8144
8246
5007
5776
6148
2389
1854
9090
1333
9157
1436
7353
9485
5179
5996
7339
1015
6514
3538
3075
8548
6073
5048
1050
4518
532
6417
7564
8400
9198
6950
3437
7727
3375
5023
9392
1815
2025
1982
3852
4294
7111
4125
1965
4474
9440
4377
7551
7301
8246
7362
5172
7676
7546
9233
6570
7569
2883
1971
4948
5578
6024
5760
2179
4218
3931
1821
652
8866
8865
8545
8186
9467
9368
4125
5630
1799
2759
1533
6279
7558
4520
8430
5180
1052
5298
4516
8545
4241
3521
7621
3189
9988
4307
5057
4712
708
5164
5690
804
9979
7564
3062
1237
5901
3947
8336
1724
1751
7263
9903
392
1020
5936
3492
5900
2085
1594
8462
6766
1382
948
1117
6286
2456
8565
1
4218
7089
5237
3220
3004
9952
8239
8627
3969
4093
93
789
2157
4745
4559
4280
26
1481
8265
1148
7845
243
7710
4489
2918
249
3908
9030
9890
6668
5530
8516
6517
1352
3682
9903
7098
7992
5672
407
5542
8321
6945
7499
8590
4661
9007
8839
6071
7837
5906
6307
5852
900
1323
8691
5792
5189
2677
8311
5068
145
6736
255
7604
1217
589
6151
1812
8118
8068
211
8291
1126
1965
7433
6872
4497
4672
8867
5061
674
5268
7694
8401
6880
9666
4359
1880
3276
1467
9449
5358
5336
7934
7268
9399
1218
1685
2375
5466
3375
8275
5852
866
5282
8182
4064
5425
6783
5220
13
8190
9001
4359
5579
5402
2200
123
7990
556
2677
3800
9721
2407
434
7994
3213
9022
5618
4691
3289
2867
4439
784
2795
1287
9243
7577
1830
2480
9650
2
7309
478
5103
8110
498
6476
5754
3541
7391
487
4247
6572
1584
1720
1193
4672
9958
3403
1830
7113
813
2507
8495
2141
988
1821
4592
7298
2229
8336
3007
3646
3873
6005
9189
2068
2503
1193
5853
4216
5939
6770
2012
9611
8934
9666
3704
9155
5298
2414
3717
1395
4072
9800
2186
9969
1546
3411
1325
7915
8634
2319
2886
5298
4297
3733
922
5023
7203
7283
4778
6387
751
9742
8037
8124
4216
9584
5407
712
2719
3212
6011
7311
9458
8003
5772
2960
2294
68
8830
7362
1072
2540
5103
3832
1237
1758
9474
4859
6677
9713
2257
9715
4755
7510
6950
5591
9011
5282
5816
842
708
2672
175
7186
4318
2157
3909
7315
1763
1119
9097
8265
622
3858
4998
6930
93
779
4038
5051
7833
4661
7510
498
9040
1020
3680
1961
918
4905
2072
93
8689
3982
9529
2839
9603
1252
322
7008
396
4345
4032
8094
7928
2898
7939
135
5472
4332
3832
3863
5333
3033
8982
9343
9040
3845
1613
480
208
5853
8965
1609
6417
135
3823
7643
7457
9833
4343
3113
3036
1461
868
6287
6975
5083
3416
3355
8482
9892
9810
4140
8671
8665
429
2652
6082
7413
9903
8796
3082
7466
5319
9107
8077
4452
1126
6250
3807
4412
1093
2581
1477
5773
7276
9903
910
7837
2314
9750
4884
1589
2118
8865
4131
9721
16
9068
589
9490
2898
1902
2328
2320
4266
8351
9324
9426
9557
2871
5021
8775
4337
5048
8935
3206
9560
7422
5179
3315
1524
1028
2694
4025
1094
145
2294
3830
3521
8228
3456
251
6880
6668
3320
3830
9085
7581
1584
5802
7613
3368
765
1201
6776
7694
3544
3327
996
9485
5847
9848
2132
8867
7741
3344
7203
3006
3109
652
7098
9871
3526
6316
8181
652
8928
1201
3977
7466
7222
9293
1333
7821
5658
7424
8767
7362
1625
4426
9813
9960
385
9831
8244
9975
4769
620
462
5916
3276
854
6286
8472
9243
3664
434
7340
9098
2683
2824
2320
3045
5270
4536
8555
563
9426
4203
435
3947
1153
5320
6113
4354
6742
966
531
9643
3056
5024
1141
9795
3859
5313
6130
1760
1008
1258
3292
5906
2067
7266
1735
712
4674
997
3416
4281
1211
5719
6463
8555
3607
1938
9278
6758
9663
6211
8833
9268
577
4745
3173
9391
1893
7644
4838
6231
6417
4621
2516
1218
2623
2375
3171
4493
3692
1792
9648
721
3179
7111
6357
9614
6570
8421
8077
8279
2816
3298
9107
1211
8182
1051
7573
4903
2378
45
6387
198
6011
1055
885
4216
1720
8298
8497
1217
8101
2609
7023
9411
8620
1549
5180
1145
6239
1117
3020
5868
2257
5594
563
6742
5546
8632
9632
1949
2955
8586
3004
2909
9684
3593
7421
3908
372
7636
3113
9005
3261
5094
9795
1669
510
4756
931
294
7301
3213
8671
8969
7309
175
1177
7773
2458
7278
4503
2067
208
3217
4589
9399
7762
9971
8033
5943
7468
437
1719
4451
341
9063
1367
7492
1321
3417
1889
4659
3076
3561
7492
2719
5916
8586
6073
5537
3220
5274
8951
2909
8146
2871
7798
8734
8252
7773
1556
7268
7580
5545
5891
1594
1587
3945
6099
7100
9001
255
3082
2480
8097
4691
3722
3518
8400
5900
1721
199
4538
7613
9699
6932
7644
1455
6054
2543
8186
638
4983
4935
4414
1822
4343
9824
3521
9346
8455
1250
8749
751
568
3305
3795
337
9909
3906
187
2903
5313
308
4572
8496
1626
8839
2012
3938
5591
6853
5142
8497
5693
5929
9833
4979
5509
1145
102
6297
5526
7498
6945
9393
175
9813
1119
4049
1880
2068
1636
9684
6357
4049
1237
5951
5035
1273
5596
7479
1239
1052
994
4516
7085
2564
5120
1153
2543
7229
3944
4010
4766
6948
7340
2577
3684
2286
4730
4386
8165
2134
2560
6625
7580
9668
7116
187
5813
6169
555
5590
1595
892
462
2848
855
7564
2885
3349
963
8774
6052
309
3541
6563
9729
8064
7194
4783
6695
599
6052
478
3157
8419
5358
4216
3045
3267
6826
1320
9194
8462
9187
8535
3606
4129
7653
4229
2686
5339
7220
7837
4705
5142
568
5672
5189
7118
2038
3553
4608
179
8256
888
3521
6316
8181
3548
5743
301
6083
8634
3742
7072
5437
6742
5594
849
4412
6221
3288
6337
8144
996
8446
3614
7850
8419
1799
4699
5682
4174
68
8460
2223
4608
8746
5965
9308
434
8034
1082
5120
2404
6062
2761
1934
9988
8137
6476
1126
9643
6600
8495
3234
8881
8935
642
7773
1502
8548
3090
4605
4692
7369
8311
8555
8165
1013
2563
2330
5891
9892
5796
1028
9198
3235
1951
3771
2348
3071
6770
6572
821
294
9875
8696
5444
2735
1340
4281
9604
3284
9721
8521
1072
1951
3344
1330
2871
5555
6777
4755
2992
3148
7732
1783
5511
599
3510
7735
1772
392
9397
1702
2072
3437
4452
1589
6410
7023
311
387
2346
6735
1921
7298
68
9976
271
3169
3532
5852
9399
2522
7573
9389
1088
5007
9650
9875
7004
8512
5578
1623
4129
3946
3708
7621
437
702
1218
7416
8003
1549
5960
845
396
8702
9913
8825
9005
2101
9485
1938
5120
1141
4730
5558
6092
6863
5929
2439
2257
2480
6818
6494
3150
4621
7737
1262
6710
830
4005
4037
1792
2694
2237
8716
2229
3958
8888
236
1609
5357
8195
7311
8080
158
1086
5217
7098
4857
7362
266
5947
6073
3705
4025
3909
4332
6473
7513
8243
6914
4302
7499
2625
1184
5718
9302
4186
866
7676
4766
3692
7110
1233
5164
6651
255
6194
1739
6957
2838
7569
4948
3538
5094
1965
1161
1170
1669
5393
4055
9213
9975
963
4765
7992
9686
5244
9
9231
9443
4649
1727
198
927
9309
8568
3295
5268
5983
4199
177
2595
2414
1485
5594
4094
2275
1979
5072
8673
3344
6776
8907
7562
2898
7325
2267
4226
1273
9976
6572
888
371
7694
6696
805
621
2258
5624
7220
5879
4474
7328
1854
5868
2693
7461
8746
9032
3349
6150
9713
6720
9960
437
9324
6086
2111
375
4257
3586
5520
4477
8716
5975
4218
3186
9391
8672
9686
4131
1754
1572
5364
4603
4037
179
1059
9269
9976
6363
7355
208
5658
7194
4010
9391
2522
1607
4293
2918
787
4239
2286
9266
2982
4200
8545
5985
3403
6307
2878
3212
6683
8915
6598
8905
4520
3682
7776
1116
236
8793
1290
5061
9170
9043
4405
8915
1235
5676
3712
2630
807
9879
102
8275
432
1083
9198
1317
1493
1557
1058
2668
4174
6826
8228
5697
5599
3327
9715
8445
1273
6538
9681
1394
3955
7798
8110
7974
4587
6254
8186
8445
892
309
8446
4477
359
1848
9848
4823
5499
7868
6972
601
1148
2668
7413
5048
2951
9848
6620
513
4838
8012
2388
3532
1461
6255
1276
2385
9622
6581
3922
1233
9562
2623
294
7868
7596
2311
16
5951
5546
5051
301
1830
2348
8563
1145
9467
5288
2981
7031
2461
9744
1719
3090
885
1436
1934
8417
7100
4055
5513
1086
6823
4923
1013
387
6941
9973
8887
4194
4983
621
3956
5618
5797
392
6914
557
7422
8568
6930
3683
8560
8796
5
988
2540
3003
9975
1613
8244
5552
2543
1184
8812
5347
3614
3743
8509
5189
2132
4911
4451
5106
5218
3832
9391
7787
188
5133
5407
2693
8804
6397
3392
3089
2037
2671
3695
135
9520
5943
5456
3113
2871
102
2602
9110
4079
9750
9952
1220
3906
4200
5947
1701
6909
4983
7827
8824
5793
7029
9663
8645
8275
2461
5198
8673
1171
9401
2096
8969
6774
1088
5172
5552
7580
7421
9875
7704
3958
1804
2540
2224
2288
249
2625
3963
6774
4811
8203
3760
6148
1518
6169
4107
3361
8952
3114
1701
9554
240
7270
5351
9800
143
3004
9401
4560
9889
5853
9109
2883
9832
4108
9557
6250
3949
240
3288
765
5474
319
1117
854
7493
6516
8037
3097
2817
805
7387
9140
4382
2267
6057
9638
3863
6082
3705
1789
4183
8062
8079
7283
593
1556
4149
4183
4952
4888
4093
9359
1527
5929
4094
7850
2128
3129
8417
2458
7239
2654
6818
9
9732
5920
6013
7513
7577
8532
8866
491
5526
8419
3282
5613
5743
8431
9243
7585
2808
6855
2072
3683
1301
594
5220
638
7605
3428
2531
4108
8034
6043
4447
7163
3114
3430
7422
9933
5474
8490
4058
702
4055
9394
4783
2132
9813
9588
6473
7844
4905
240
3292
7616
9310
5530
1733
7737
6194
2455
7544
5179
9500
7579
5624
2439
8620
4256
7122
1156
6735
9522
5847
9729
4075
3247
1739
7690
3545
6995
7309
3695
3132
3157
2537
1821
9424
8545
1301
3114
674
6099
7371
3538
9730
2965
9979
4770
4474
322
4811
699
3917
3861
4572
9018
3006
7979
2812
58
4486
4703
5805
4651
2683
487
3169
5437
4700
8928
657
6695
7004
8351
7301
2851
1848
9713
3267
6494
1217
3157
3733
5156
9749
5520
7328
211
6950
4250
6473
604
9580
8859
6255
2330
3526
2577
5227
5336
1846
4283
1421
6570
3847
7220
2560
3333
4345
5347
2754
3430
5320
2808
9474
4772
3349
6995
9213
1568
8495
2518
5959
4534
1137
3949
1556
1156
5542
4651
9085
4302
2625
6931
1220
9909
3174
9157
3281
8351
6322
3698
528
5023
1546
8677
963
1293
8077
7670
1142
3271
3553
8431
7035
3863
3007
9440
1151
8578
9898
1949
9480
3132
9170
1685
4885
6099
3947
8110
9369
2885
4772
2003
5676
7618
8859
7455
1561
5802
8394
5355
2876
4881
309
5983
3313
7743
7727
7707
3150
9699
159
4326
9240
2602
4723
5620
5358
4031
7278
3251
6113
1052
3010
7466
1546
5800
6566
900
9637
2875
8212
329
2374
8775
3227
1793
1262
3164
5617
4661
7934
3157
931
2186
5442
9278
7767
1258
1839
2330
4326
7371
422
8079
552
9486
1123
4769
2951
1380
821
5230
3403
1714
7423
8866
5743
607
2849
6972
1346
2903
4069
9628
4935
6150
3584
276
6363
9186
3217
1041
4586
7355
5007
8077
4756
7795
2547
4503
3477
1220
599
8252
4534
6005
9715
3164
3220
6319
2507
3963
3585
1234
8839
532
866
1791
4388
3888
2652
5408
5217
3349
480
6088
1961
9611
8143
1131
5520
7585
9077
9213
1502
4651
7493
1106
1325
9730
1276
327
1568
1613
3173
898
3104
2672
7658
536
2518
6693
5466
5217
9170
5207
7626
8865
9097
2129
3097
1097
2851
7163
143
6013
8118
9583
396
997
266
5847
8472
9392
7270
9242
1549
1972
8808
2959
3439
14
8402
8275
4756
9269
5579
4608
3585
5772
6059
8972
3489
922
9032
6862
45
6149
2389
7741
5035
4698
4322
1066
4559
4129
3944
6179
9485
4551
963
2703
5613
5906
5567
8578
3604
3012
6931
8568
3908
8462
8244
594
2603
5237
9260
3493
1093
5599
7550
2547
2374
8401
2503
2707
1848
8936
994
4386
3526
811
1137
9290
7424
5835
2311
3760
3282
4859
1476
5021
8689
3922
6710
4649
9309
8137
6910
9491
7387
6100
1838
1227
132
4345
5347
7239
1028
240
9643
3512
793
6932
971
8490
4790
1041
3173
6238
5220
3070
9157
3234
5825
3129
5482
7328
6676
5061
7581
620
8417
7670
3530
4661
8936
5404
6620
3515
1883
7786
9393
8228
6149
931
1631
1233
3169
1476
58
9732
1142
1421
3938
4107
9155
8060
1587
7730
2937
5999
5839
8088
2988
9110
5364
9085
6910
3355
7163
7353
1905
8808
8911
2867
9686
9960
2677
5947
6872
6517
5057
531
9486
8182
7653
4205
3683
1792
7939
8496
3206
5708
4919
1224
2397
7678
7424
7709
7602
2516
7723
7688
1883
1489
7337
9474
994
5558
165
4477
3135
5879
4389
308
1051
8446
4054
8830
5307
7688
3059
2812
9971
7613
2759
1467
3220
4512
5458
577
8436
3929
1352
4108
5773
1189
7776
3284
9879
8673
8888
8634
7353
7894
9109
7691
6741
910
7178
7711
1765
2703
6695
1485
7730
5760
6092
2988
4145
7551
329
570
5368
5488
6492
1804
372
2385
7868
8239
9684
2690
6638
8565
7845
6365
6931
5164
2229
8240
7955
4058
3289
3071
2328
827
4496
830
3071
6365
251
9973
5088
6610
2456
3195
7301
1772
4269
3312
2320
2096
3548
5096
3704
6651
2119
1455
3733
6818
9607
5627
9732
6542
9324
4783
9389
243
1812
8389
5529
7749
3530
6355
1626
1055
4584
3977
1481
6825
3339
9043
9213
3305
1066
1753
2497
7035
3113
4017
4122
9744
253
6581
3858
5959
3062
5513
6387
563
8935
7121
563
4095
7410
1572
6917
9744
5983
8832
3289
5368
9083
3247
1455
4760
6059
8907
186
4414
1061
8627
8707
5021
9443
101
8634
3861
7978
8490
8860
8451
827
3502
4337
6043
9051
108
7413
7270
779
128
3150
3082
6566
7653
855
7558
1518
7669
5613
3561
2491
9266
421
3403
5901
5244
58
5835
513
6853
5226
6651
7704
160
2134
3836
5990
9289
1682
7355
6930
9458
9424
8203
5368
8840
7749
3875
8928
7016
5667
9969
4703
1739
8028
2389
8881
1563
1184
3227
3411
2067
987
3416
5813
407
3448
4923
4906
6975
6550
2957
2854
3982
3076
5226
6099
2451
4838
3448
8446
5482
5816
8094
9670
2012
3006
1769
1391
6931
601
1493
9482
9673
480
5320
8702
3682
1607
9157
301
4183
4229
1436
3982
6741
9908
5763
5099
8118
6742
2830
437
7433
9290
2895
4055
5613
5355
1563
479
1161
807
7355
8556
3399
2347
4729
6259
2898
7661
3001
9368
9189
8988
5311
1934
9107
8239
1704
7499
1233
9632
3977
7968
9960
253
5273
5658
8376
7283
8440
4239
7653
702
2955
1476
2982
5920
2491
3969
4005
7735
2844
135
487
1714
5054
9795
4509
5596
2439
5456
9943
7188
8034
4389
8601
868
1013
2012
1789
6711
9745
1721
6147
1086
4154
1335
5083
8114
1990
8212
2543
8256
9971
2185
6335
2369
6024
6154
6005
7513
6043
7229
607
7558
8490
7551
2849
8577
8451
2451
1227
2955
1854
1097
1061
5975
5805
3492
9121
8578
9240
3459
854
1254
4885
7023
3315
6335
9449
3313
4218
1760
6397
181
3921
9850
3489
5983
350
6676
2516
8114
3929
3683
8298
5402
6208
2029
8460
3712
165
1223
1391
3493
1763
3717
4745
6086
4699
9557
1072
8369
4911
3251
2960
6525
5149
313
276
5307
6379
8462
988
2407
4911
1461
9749
9952
8660
3286
1123
5516
1846
8393
7915
1050
3946
266
2455
2982
7955
3698
3403
5311
2885
1446
6774
2672
7585
6335
2507
411
8400
3917
83
6541
8872
373
5009
8401
5742
8517
2389
5488
5580
8860
236
6007
9260
5444
3565
8256
3392
7601
8443
2572
8935
5714
3110
3944
8411
8311
3757
1477
1902
8028
319
337
6054
5466
674
9443
6908
7616
8097
90
9958
1094
6071
9392
6777
8982
9975
7369
4885
6862
5319
8068
3428
5776
1549
784
240
6696
7688
4322
5617
5512
5106
702
8548
9051
6620
7741
4712
4778
5357
6544
6558
1791
6547
6583
9671
2085
6945
6925
7008
2257
1287
3807
1724
2347
5149
3069
8632
3417
3614
8568
2388
7154
2581
6211
2817
7283
1949
375
9007
4822
7743
6328
3584
3150
1758
7111
6921
8489
2563
4703
7322
6863
8321
1791
1698
1224
8641
8080
3938
1476
6558
7544
1151
5371
9071
5839
7116
6895
1227
5488
5975
6541
1769
8097
9293
1050
4200
2518
8029
4049
1714
3012
4299
8673
7266
1189
9343
5530
1502
9368
5137
7767
4477
8298
3510
1217
4322
7798
7579
7100
9098
1795
8825
5580
6755
9745
8556
4563
186
6932
4705
5921
9772
5273
9121
6538
3289
1234
1671
9310
7545
5024
9032
1751
2398
9266
9848
1189
4005
6208
7546
2693
7411
3132
8419
4586
6007
660
3327
6211
892
2577
2151
3361
7163
5425
7909
9638
1235
1223
1350
7544
132
2735
3593
3046
9850
5852
8088
3267
7842
3186
4563
8586
5311
3456
7016
7669
7990
2314
6825
9520
5516
1111
9520
696
2843
1224
7031
9121
2229
6307
9615
9482
927
2676
9344
3847
2032
2398
8664
2812
8804
790
7743
8282
4588
8972
3771
2759
9
1584
8424
6400
6806
3606
4700
5596
6620
531
6817
311
8243
1753
1908
1401
2124
1467
4133
2676
5057
5148
3807
4587
6337
1171
5307
4970
1739
5207
160
3777
9589
7270
4503
855
577
1822
8520
3565
9850
478
8401
9083
7767
7837
8635
2903
5719
8344
8635
2951
3186
9293
5763
7968
3664
2851
3795
3312
2531
3844
2206
2819
5960
6086
561
1893
7565
3945
243
487
7322
3917
6313
7411
3530
4885
8754
8140
6492
4280
3526
4605
7085
8512
3418
2693
7626
9648
128
5920
8825
3318
4183
4281
9140
4326
1177
7380
9023
4027
6862
8517
4280
8472
5555
4489
4765
6400
6169
1727
2895
2804
2740
9712
2595
8256
4199
855
1
1254
2206
7029
5425
3858
4705
5148
6696
6194
1825
9533
3417
1854
9022
4888
8560
3214
3276
9712
3097
7194
800
2157
2965
1290
2965
5796
4536
9831
5670
7446
5590
8796
8645
3428
5947
329
4859
5895
4691
435
6964
5965
188
4108
3173
4032
633
4453
6948
8081
6379
4029
6895
1735
1567
1013
7736
3411
6677
3610
1587
2537
2886
6853
7605
5900
7992
3852
6774
14
4859
4903
528
8419
9411
5558
6149
3604
3779
3227
1846
8291
805
6682
158
3062
9030
3109
3004
4025
3737
845
5083
4268
8143
14
5311
8952
4762
8024
4659
6638
1239
4651
5319
2285
2288
5282
3459
8696
3430
5023
2547
3502
7596
6412
3977
1908
9270
6693
8590
9308
925
5137
4766
1698
2348
9344
3428
712
4058
6221
9580
4919
9943
5617
6313
7510
6921
2886
8389
3733
421
3373
348
9440
6262
2690
5711
6365
1982
6695
2101
5437
7349
1013
7410
4257
8392
9611
5718
1052
5137
7410
9960
4905
9778
7585
7337
5792
4078
5
7845
2118
6823
301
3411
5556
7962
9913
5714
2694
3795
2
5526
2224
6695
9090
8563
2892
9522
1323
8199
5096
2875
4489
5672
7461
900
9231
7992
4952
9535
1421
948
1972
9289
359
4355
3477
4861
158
276
8062
319
9186
8867
9712
791
4299
3493
4897
8321
4297
2029
9971
6273
5537
4935
5763
3800
855
1765
4354
2429
3722
1614
8517
7490
2816
966
8677
5960
4280
4790
5567
7391
7311
4079
6319
8282
3515
1083
538
8764
8003
9533
1346
2981
294
2388
4503
8012
531
9293
1246
9956
6755
6683
568
4861
308
6763
807
9988
5041
4421
2003
1461
4726
9686
4905
3333
2563
2623
13
9750
9987
8665
9778
2404
2267
271
7844
9933
5546
1546
1008
7251
3865
498
5133
2572
5957
6221
5358
2229
4149
4029
132
7661
6616
5164
3208
793
9944
7994
4503
6818
3836
4935
8190
434
4097
4765
6566
800
2451
8481
528
8181
2068
9219
3234
5772
8548
5458
3284
7278
5404
462
5270
4354
2223
2547
4017
7579
6088
7178
4299
2522
8866
9619
9857
5358
5036
3225
8451
6948
4094
2497
9910
4451
2288
9426
3910
6357
3807
2518
5718
6817
2819
1171
9987
2503
1550
6999
1961
4377
9976
3606
784
2510
3375
1635
7479
3532
6600
7928
1367
3861
8011
177
102
8620
4149
2676
4029
4140
3733
1131
6169
1239
5882
5454
1701
3007
7468
1144
421
1252
1518
8746
2348
4520
270
8840
4888
2179
5244
145
7349
8033
385
5580
9068
2965
536
8590
1561
5274
7577
1290
791
1751
8516
1735
2448
3299
2804
6125
9040
175
3189
2179
5270
9219
108
5797
2652
8982
9270
1556
9909
5999
5558
5319
1753
6151
101
5429
5667
7922
4107
9981
3164
407
7640
8077
2151
4183
5690
3282
1391
5555
5882
9458
311
3476
7457
5371
7626
9233
8774
4377
807
5429
8392
8672
3737
8972
4861
1795
5288
9172
1789
1595
5244
6625
3717
5434
8775
1909
8521
2448
2932
3959
6949
6558
9712
6708
4247
7298
4822
8832
326
2846
3873
2839
5179
7188
7894
4584
5537
3807
6806
3361
5811
4538
9028
1587
1325
26
1569
7229
6387
1093
918
1971
8824
8129
2119
2439
4731
4097
4226
6508
4772
4299
1919
3929
4131
2119
2
7795
6941
5966
1391
7278
3775
8181
7220
8689
7569
3561
7218
4509
3418
9490
6231
9005
7529
8431
8081
2409
1626
8509
5916
8632
1889
7762
3949
5711
2735
3339
9270
326
7626
1489
479
4389
6838
1246
5051
2759
4536
9603
211
5542
3956
8400
1401
4972
253
7669
6610
8393
6514
4589
2025
5180
9611
5516
2603
6179
8860
696
6494
7773
9389
5172
4496
2892
165
8911
1170
3075
9522
2409
9233
8503
2844
2892
8371
8804
2347
9987
5556
9268
2838
4199
4509
7029
888
4125
2883
4730
699
6677
8812
8790
3020
4838
8881
2032
348
5307
6255
2740
3181
789
3477
6043
5974
5861
3906
7089
9913
568
4457
253
604
4194
9474
2429
2385
5481
9018
633
5434
3545
6783
9203
7008
4972
5613
7602
9686
5364
1763
5319
9309
2703
1290
6201
5711
3418
159
2185
7493
3439
6917
2581
5471
1455
3518
3299
2185
7325
3069
778
6550
9535
8952
6945
9903
6013
7939
9561
3607
2694
7079
4530
3705
4078
9077
6069
8455
9389
5718
793
9302
9604
271
6239
1880
4906
7730
3286
181
8282
9673
2407
216
7416
3760
4194
9589
1880
8672
1524
9155
4412
778
3392
8421
3757
3047
3235
5708
3047
9355
1572
1321
6088
2072
7340
3225
8489
9491
4322
3008
5060
1839
5217
5283
8101
4154
5455
9068
9856
7293
1239
8672
9394
7529
4497
1234
3701
3034
6017
1561
9351
7550
7188
9011
3581
1550
3110
4457
5054
8707
652
3456
2694
6925
3206
306
4366
3333
4530
3217
6937
4377
3171
7726
4586
2296
2960
3008
3526
7645
5099
2564
8097
7565
7776
2409
4318
6758
1111
9373
4823
3908
9875
7694
6397
3922
4122
4320
3910
910
6830
638
4857
7433
4712
1055
6651
4760
7229
1909
8839
8068
6949
7380
4596
2369
3522
510
7472
1421
9203
7416
6777
4560
6541
5974
9172
8212
8489
3708
2067
8029
5148
5603
9980
5371
3059
8369
5147
3858
2824
1765
1613
1082
8376
8482
7968
3070
8421
2824
4642
5965
2090
5408
3336
8833
8424
5791
675
5791
2294
2267
2560
6279
165
5471
4069
3773
721
5041
2892
4923
6806
1906
1587
1493
3945
3076
8252
1883
5511
9373
2681
3281
5957
3215
6725
4674
2328
2275
6517
177
5311
3940
1170
8854
3646
7950
7251
6563
2224
4605
1126
7121
3931
3076
6365
8911
8833
8129
907
6783
8859
6895
3281
8635
6950
2374
2671
7551
2804
3181
3830
3477
6011
7031
8749
5951
4133
3189
6286
4354
5156
4239
4572
2378
9189
9910
2581
5596
8696
9911
8520
5772
3906
2157
1455
313
5847
5556
1972
7457
1792
94
3931
9242
4094
5288
7844
7545
4917
2124
9533
6891
1607
227
4822
7004
4095
3255
3545
3717
8024
1293
3561
6891
160
4760
3392
6598
9198
3046
4389
3255
8243
3271
9389
7266
8081
8291
1367
8336
8003
2686
5672
8988
1518
4881
5754
883
7915
3235
9832
3743
3865
7328
6910
7464
1938
4520
8905
1949
657
532
577
3148
4257
3530
322
1912
3947
3090
6687
1934
6547
2101
3225
1838
9458
2672
7569
8012
7270
1568
4145
5282
337
7737
7546
4603
4823
6949
6238
4811
9043
8893
2491
4203
9890
532
6254
2096
1986
8460
9603
3046
3929
7154
5758
1350
6257
4755
7031
9490
7162
9956
5990
9048
6830
1971
4107
8664
2124
9399
7833
3544
5965
2385
3940
8401
2753
9578
9871
6708
5578
5164
8532
9480
4343
7121
311
6508
9956
3695
2286
5792
2025
4559
4414
8279
510
3742
9519
6355
4457
9615
5947
7605
9637
2129
9973
5099
626
8677
2867
5094
8124
7955
3771
2540
9742
6708
4388
1141
9266
807
4072
5971
9981
1912
5072
2846
7643
2258
699
3760
1839
7562
8649
3909
8935
7658
6558
6255
3007
5939
7351
622
3917
7098
3051
4447
2224
9007
7707
1201
8764
8110
8774
3795
1626
1333
849
83
4320
6257
1131
3344
1815
2200
7710
6999
1412
1704
4131
337
5009
6817
2671
1055
1287
1990
5355
6400
7008
8824
7965
1772
7085
1675
1704
6823
9824
7626
9397
6083
4297
4769
2275
1733
9614
1533
3544
1883
8411
6914
7035
3135
9520
7974
2903
199
9628
4244
4534
9670
3544
2959
2683
1549
2804
5974
3308
6328
945
4762
6690
2819
1401
1170
5472
3777
3227
5041
9913
6735
11
6542
9394
5418
8796
1094
513
2319
9090
7276
188
7601
604
8460
675
4269
9269
9892
1262
7339
2671
8563
6148
4589
7741
1394
1569
1631
2761
5990
4027
9351
9270
5156
793
6062
7315
783
8336
5061
143
4095
784
7990
2067
9351
7186
1270
319
1675
1171
5796
9619
9650
8915
5024
9098
4642
8982
7222
6073
7328
2630
971
5332
2830
8627
4909
7978
2185
1164
4388
3033
158
1184
6257
2409
5603
8497
6492
9203
1224
2677
3775
4952
9729
1303
2878
3217
7384
1789
1524
6100
1793
2041
4302
9813
3282
9941
1106
9231
8707
6964
5493
6683
249
5442
4386
5149
7513
2816
4493
1986
5900
9979
3439
1237
8749
2374
8143
7351
9051
7113
6456
9097
6024
638
2731
4885
7551
620
427
5966
2808
5493
5073
8470
8351
9669
7604
1982
1437
5227
5054
4919
5697
7144
1335
3012
1276
5555
2798
9245
3905
4596
1595
2795
9285
1671
6935
1421
3195
6374
3492
5576
3586
9324
7122
7072
7454
6651
3439
1489
2439
6516
4194
6725
11
3680
7678
570
9952
199
7455
2795
8411
8616
9077
6273
2200
9393
9889
7833
7581
14
1765
5835
3905
8793
9187
9486
9401
8887
9522
5943
9744
93
2875
5333
5455
3959
6476
9778
3267
8252
3206
3515
5800
5868
6218
7636
7186
4884
7220
1671
8854
3757
3779
9668
1572
7455
4909
5760
7736
9663
8094
2267
5719
9732
8881
9344
3921
9529
2258
830
5472
1979
3944
1252
7116
4726
721
3097
1782
5920
3104
1765
8665
5454
8808
790
8938
5760
987
9913
4584
1141
696
2932
2654
622
9987
6297
2090
8825
4838
1395
3737
5493
3836
9637
878
918
4703
5024
5009
5996
6941
3295
652
1938
6826
3779
4778
5251
4266
1489
2703
8934
7737
6683
8080
4802
2247
9619
7384
7380
9426
4656
8490
8033
8079
988
6400
7154
6690
6011
9474
5711
6335
1754
313
3208
2085
7636
2247
1720
7163
1557
910
2037
7544
3865
1967
5408
9500
7072
945
6357
9669
371
2623
778
4474
6891
638
6696
5742
6975
3489
7391
5509
4970
9583
4366
2560
7089
8321
7974
1301
2959
845
6708
1401
712
974
7974
2690
4592
7710
3213
7616
9302
6948
8240
9560
9107
3757
3181
7922
7083
9001
7605
1812
5658
3489
3047
411
7472
2448
9958
9969
1804
2025
13
3873
4811
1799
9831
5603
4269
251
3823
6147
4496
948
4294
9172
8528
2101
8888
188
8833
4452
3008
8830
2531
5627
3859
3664
2838
4731
1375
1436
3722
660
3823
9459
6125
699
8767
7602
5103
4017
227
8671
4025
3289
6067
9730
5670
5985
9850
4256
3704
3712
2759
8199
805
8893
6542
5408
4884
9810
8306
7083
5226
9684
3089
8590
8436
6925
7178
8033
2957
4205
6273
5802
3530
9397
8774
4528
7979
1189
9245
1908
3355
7498
2854
1669
4823
2461
3148
8252
7579
9721
8430
7640
7962
4948
4496
927
498
9324
2285
5578
4760
1293
2817
2151
3777
1569
5060
8440
9941
8060
1394
8565
7118
6705
4909
4226
1791
2572
3502
3173
5793
8199
6463
3607
2129
1153
9098
1055
5106
3775
6682
9172
9650
8824
8037
3082
8462
3940
7454
4486
4682
2520
4122
8244
1909
8393
3683
6069
5442
7144
4426
9529
5594
6057
322
8812
5035
535
2609
5742
1477
1144
6340
7661
4672
3711
552
4911
4948
4474
3186
7845
4131
2849
6705
8034
1635
868
5882
4608
1620
350
2119
4477
2378
7962
4108
3493
4917
9857
9622
5843
5227
6412
9890
9071
1437
8893
6693
8563
7990
16
6776
657
570
7339
7776
9311
3075
6725
9908
5088
9467
3593
7601
1193
6829
8279
1702
6224
1675
6563
4770
6179
2878
4528
2148
1642
5624
8503
9140
9077
6221
8632
4037
2749
2959
5339
3909
4802
7994
216
5488
5576
3033
4320
9614
9268
4596
4388
9944
9638
8412
6322
3195
5404
3743
7337
9730
1795
5805
8586
4129
3234
555
8503
2003
6194
4140
5237
4244
478
3859
1563
2510
5466
3227
2288
8764
3312
918
5332
9562
7085
1698
9519
8942
9669
7498
6224
1719
1164
8767
4705
9584
5966
791
3712
2965
8532
9668
2068
3169
382
45
4621
9810
179
5322
2003
6711
1891
5933
7121
6935
1557
8137
966
3059
7749
6463
2146
7688
6017
1854
421
5137
1626
8344
3327
4058
9156
4979
5259
251
5133
568
5283
2111
3888
9979
9063
9981
4293
2397
2386
2407
8716
5805
3852
6687
7251
5418
787
3195
2918
5667
9
657
9068
9023
8516
7749
2951
2668
3047
907
5879
9344
8691
8660
7203
7658
5471
94
8436
3261
963
8344
3586
607
7621
5999
6891
6687
4572
7741
2955
2909
3565
8774
8665
7798
1614
3722
3845
6340
341
5218
1375
971
1635
4586
9140
4451
5147
7276
2456
779
6656
6328
7455
8754
7736
1437
6838
1335
8371
5672
6092
8586
5763
1041
8243
1061
849
2451
9671
4186
8496
8501
6379
4588
6262
3845
556
385
1058
8915
6316
1793
1786
1527
9673
6999
4421
6817
2960
4528
1682
8649
4439
4405
1094
2114
6720
6937
9245
9976
9219
3584
3305
2118
3931
9911
6863
5760
532
5364
6909
8832
4587
216
2754
7413
1685
1533
8282
1786
8689
3614
6538
306
7565
3859
7979
6544
868
7618
3179
7118
7490
479
2148
4258
1620
9969
4983
5546
9588
5742
6931
4283
3208
6766
6148
8455
8064
5579
556
2118
9459
236
4603
2090
3001
4723
6150
7546
9203
7203
8298
6741
9308
4551
2819
9290
7661
9800
4032
14
1595
5456
58
1951
3220
5891
6885
589
4588
9309
9562
1051
9943
8707
6319
3510
301
5895
4010
885
9529
5274
4765
8321
6776
5088
5036
577
3298
9952
9607
6149
422
6908
6125
2056
9194
6838
7573
1631
2503
4857
8965
9011
8854
5499
3110
868
7023
2
4439
7369
1115
5351
4518
5580
83
2654
2883
186
5920
9359
6337
5813
9401
8097
3477
4762
626
4909
4998
4359
271
8988
6755
373
1733
5437
2330
7510
5458
5036
3538
3189
5943
2096
9071
8064
2625
5103
7387
1059
8118
6547
9109
2886
3956
2609
2206
811
3292
8951
9856
2510
9890
1906
9879
9742
5711
3982
4054
387
8489
5298
5061
3214
8028
2455
9584
5891
1116
804
2157
1636
3512
2375
7339
633
3261
2311
1320
6231
8394
8859
1380
1270
1391
1891
6194
2319
3875
407
9311
5142
8182
5499
2247
5456
1156
552
7704
9557
5542
4322
2681
9023
6538
7203
3373
5096
1246
1698
9670
1273
3308
4651
675
4635
8905
5537
3476
3742
8080
4682
1620
8068
7678
4745
9155
6492
6572
8535
2398
9270
3905
4095
2398
6855
601
7498
2572
1714
538
4064
3399
2186
4078
7707
3051
622
6517
1702
7251
8716
3958
4382
5985
1131
6374
7110
7833
1051
3036
6776
7251
3585
3027
4154
4421
1986
1727
8601
4097
4426
5901
6340
3561
3281
1082
2314
8029
6600
4186
7645
8501
5472
4512
9
5103
9619
9107
4453
6690
309
948
8909
531
4674
5147
4447
5270
1148
1568
8188
1527
5472
8466
2414
7490
1325
6638
8887
5714
8716
898
2992
5189
5936
83
5051
2128
123
2992
1635
7688
2314
7410
9848
4698
5939
7730
1934
1912
8392
3502
6494
9603
1030
2347
589
8181
987
427
4672
8470
9467
6777
2672
7894
5697
3695
7111
4414
1239
3949
1290
3399
6758
1015
5156
1567
7565
2286
4256
5933
8472
9865
3708
7454
6725
4235
8182
2135
2124
599
712
5054
4861
9156
8165
6250
385
479
5274
8565
2320
9632
2275
3027
925
3010
4426
7994
3135
8011
8565
4283
3003
9824
5418
2522
900
2456
9110
2037
8578
804
1625
7922
3711
7162
3027
7296
7842
4266
9554
8641
1636
4790
7550
3977
7709
3336
1223
9063
5083
7787
7691
9865
2404
2132
3541
8535
845
6067
9491
5900
1908
7371
4345
827
7894
5960
3320
6855
6052
2795
9856
5529
1891
6885
9302
3865
1177
2719
5882
4589
5106
5142
1020
1982
5041
4661
8936
1270
4778
3847
1789
7518
2148
8907
9604
3905
9285
6687
8079
6720
1792
3708
536
6917
5868
2871
2223
1382
6463
885
1620
1642
7353
4145
3069
783
1276
2918
45
5754
6259
854
7640
6705
7391
5444
7726
601
3604
5493
9628
8888
7518
5218
1743
1116
1701
2960
5180
5835
6054
1115
3428
8517
3607
6855
4145
198
3692
2111
3033
208
9715
8578
3251
5957
5283
8577
3844
8220
2388
830
8556
7416
6995
6937
4382
7309
7562
8402
7194
8520
5861
4247
352
8535
4307
1486
8501
101
6088
7690
765
3946
8969
3518
5693
1971
1235
3553
6313
3581
3051
3336
866
3917
4133
5336
7493
1258
8402
6736
5
3308
5576
3888
8146
8804
6516
3545
6224
8188
5943
5529
4518
4058
145
7178
199
8430
4293
9648
1721
337
3492
6682
6957
5567
7178
1754
422
3775
4257
2875
1891
3795
2388
5482
4029
8635
5273
5068
8424
3008
7644
165
528
9988
1821
9588
9170
8641
2520
3255
2602
4723
8543
7298
7965
2830
7423
9071
6286
1061
4241
2609
8678
90
1367
6972
7909
8240
4054
4897
101
9482
6374
2531
6067
3522
7492
1446
5630
4778
4635
1533
594
7349
5776
3544
1620
2038
4642
1743
883
5906
898
4730
7083
4281
4682
7229
7268
8212
1671
3129
491
7762
8942
3164
3298
8285
5966
6570
5179
3844
1395
8143
1412
4174
4769
8306
3875
8046
2458
2296
1846
1567
1902
8808
6525
6412
994
4149
1250
3339
5676
8394
4017
3276
5418
5347
9022
7113
1594
9023
4205
1609
1086
2448
8220
8560
8062
9467
8832
6149
6319
7335
2681
7433
9443
3286
7423
5535
7296
7490
9533
2843
6735
3742
5667
5094
9980
8678
4497
9892
5861
3969
4222
1704
2690
9673
6279
8839
8376
4712
6656
783
9394
3027
9956
9482
216
5404
1020
7293
9426
9121
8501
329
8046
9713
3315
396
3698
3179
1838
5133
308
3512
6766
2595
6817
4497
5535
7636
5841
3929
432
3006
3110
8244
1783
9491
8678
4414
878
4355
6598
5596
4436
8188
1476
158
5670
1848
5576
432
9669
3051
5690
8528
4038
6328
8645
9699
2516
2875
7727
1685
3518
9520
8664
5068
6043
2703
7031
7063
7773
7585
7116
4064
5180
5513
2991
3036
7604
6895
1177
3823
849
4825
1493
3921
6690
7369
6964
2693
3777
4998
5599
3169
7842
1303
5793
5811
1614
5620
4125
7613
1201
1743
4032
5556
8186
186
9392
8577
7690
2096
7421
8306
3206
4674
1772
9879
5351
1733
1961
7424
2159
9071
90
9889
8186
8909
6656
5288
5742
5434
1380
5096
7293
8495
3692
804
4700
5839
1527
1030
4366
5990
5474
9491
1030
3214
9871
177
6711
9048
6935
7276
3114
1631
2804
8140
1211
350
429
2414
5120
9098
2237
604
7222
1921
6307
3922
1250
7934
1636
3847
6937
1321
9730
1246
4770
1293
4093
2844
9040
9842
570
5754
931
6544
1589
8865
9810
5259
9638
7063
657
6693
2032
6763
1702
4917
135
8664
3020
4486
7670
9750
2686
4200
3336
1303
1986
4332
3034
2128
4983
8734
9459
7704
813
1184
6238
2851
2012
5552
9898
6052
3875
1719
4606
9749
2491
4218
1116
674
1115
9110
7909
9865
528
8754
7016
800
1912
5843
696
4095
4528
5355
7468
8620
9910
5957
4302
8146
3701
4512
1446
16
2025
2848
6774
6682
9310
8543
1971
3189
7218
8503
9290
561
6917
4326
567
6363
7915
4283
3437
3132
2141
6147
8411
4621
1137
7263
5936
9500
6758
4250
6720
8431
5999
1635
6412
2314
8944
9233
4723
2458
8641
4140
8616
6130
3940
6572
6610
7513
11
8665
5072
6150
7239
1028
751
3012
9369
5758
4389
5990
6355
8824
1211
1518
5036
5630
2988
9527
9068
1142
6259
9554
3059
4881
276
1825
3320
108
1949
9001
6616
7968
594
4266
8064
3010
1782
6625
660
2029
4606
3459
4186
3046
9028
1486
7499
3958
996
5811
7743
3430
907
199
4203
7691
6286
187
4129
101
243
1815
11
3437
4551
6600
4729
8165
9637
8671
1395
5298
1893
7479
2119
3430
9890
1758
7727
9393
306
878
4320
68
6741
4283
3271
9933
2849
7581
7322
3186
6224
4072
4512
7423
9560
8840
7188
8137
7645
2753
9561
6024
8256
308
5618
2404
1467
6783
8110
6476
6570
7472
1293
4268
1330
9500
9440
1625
5791
5603
1905
1830
6357
3135
8265
8228
3089
593
6100
5493
6949
5960
4755
1905
1972
6677
3711
8796
2258
1609
5975
2503
1142
4154
7596
6525
5882
660
6880
2037
783
4952
7978
8825
5966
4729
9535
2328
8190
7079
9269
779
429
5841
3179
7621
5060
9909
8393
2839
9699
5690
432
1058
7110
9040
2455
9355
7821
3286
8369
9269
6941
1111
3949
2510
1485
372
4534
2630
2812
5368
159
1477
8520
8369
7122
1262
800
6742
2991
4584
3090
3213
8270
7827
7955
8279
9480
8641
4072
6262
2346
3165
9090
5407
5147
535
2374
3456
9289
6677
2854
9519
7100
3863
8790
6895
2247
5974
1367
9583
9668
4302
7928
8417
5189
108
2602
7323
5617
9028
1719
4497
8037
7550
7380
8029
4536
4586
1753
8972
7928
9392
1493
7643
3722
5474
2839
1052
3214
642
1111
6909
2397
3392
4884
3982
4133
7263
9603
2581
4530
6823
7079
5693
9278
2749
5481
7461
4538
4909
9554
4307
3045
3945
567
8345
1905
7579
3845
1093
1123
2892
3664
1142
8754
7315
4825
7690
2288
1735
5057
6770
1072
7545
6838
5697
1546
1446
8563
8466
3150
6313
1584
1233
9584
5322
8470
6007
4453
7323
1550
8649
2385
7322
5535
8649
7596
2560
3288
6092
6169
188
4917
1352
8124
9578
2141
5230
4269
4512
7118
1250
9219
7351
8431
2128
3448
3171
181
2754
9411
3773
8443
9355
327
6092
7162
7016
811
8270
9681
4226
3684
9865
9411
8118
751
4783
5259
306
925
866
3247
3565
3416
8512
6741
3800
5057
9742
1303
1467
2491
5676
2134
319
7732
9898
2876
8951
4859
3743
7411
6830
8517
7325
2032
5351
9206
6711
5313
3113
4094
1106
5402
7842
3295
7413
6456
7786
5974
9561
1812
1754
7351
6088
7732
1317
8840
4587
9941
2876
1066
3593
5512
1919
6581
1502
7795
7580
5516
128
93
7707
5802
5839
622
6224
9459
9853
5313
3281
7743
4790
8702
5120
6254
9650
9562
6514
7023
813
2761
8062
5499
3148
3399
8311
556
4603
3157
9638
9359
5743
789
1839
5357
633
4318
5444
4802
8421
9583
9187
8543
3771
2982
4888
6872
1164
6273
1569
7111
1126
1346
5023
1822
7581
4075
8188
3355
1382
5618
948
2719
5
6687
907
1793
8482
7186
8460
4963
4649
3172
4366
9933
9833
4203
1270
4496
6057
6250
7602
898
2206
8060
2957
8265
6910
7035
2386
7421
7786
3538
419
7239
3512
9824
5009
791
3315
8344
4069
7709
7711
4241
9663
3522
1631
2740
6656
8969
6925
4174
11
5975
2959
8521
2159
6972
3515
7939
9628
9628
2085
58
2135
159
6147
7464
7063
8345
4293
3315
3368
6710
1889
5853
3286
3059
7732
2603
8129
5230
6154
7464
1838
5879
327
5579
6547
2754
1967
434
842
1117
3861
7311
7479
8140
4509
6130
1919
4592
6825
327
462
1965
2237
4656
4772
6013
563
4692
8412
7122
3775
5936
352
8114
1333
1211
5957
9892
7485
2798
5094
3607
5627
1145
2937
997
9670
1335
4520
3299
9343
9032
4017
7644
4729
4606
3773
382
382
375
6355
7565
4825
3284
927
6297
6696
3215
4493
5529
4235
3610
7446
3212
3313
8144
849
1249
8430
1795
1613
407
7670
5618
3070
9090
2844
5879
4489
2319
2824
593
4453
2516
8371
1164
7762
5237
8678
9557
5035
5758
7162
102
7218
2461
6558
8212
4530
132
3298
9729
8436
3610
1561
8440
4049
1669
9344
7325
2735
6239
5259
4205
2537
4439
3305
1303
7658
2951
5959
7723
3284
6259
1145
7909
6130
5393
1394
1763
3938
6720
372
883
4079
751
1270
5985
3299
513
387
4247
9669
4451
7325
3541
6099
4229
1258
3225
1795
5811
5458
8024
9293
9980
1224
2816
7573
7144
4075
5552
2159
8417
4027
7842
3344
5336
2898
1015
7604
2932
8746
8775
8911
8239
5558
4388
6583
6964
4174
4005
8443
7468
1481
5288
160
9958
9156
5274
9260
8455
3684
2451
2041
3548
8412
5021
3034
3940
6957
4055
2867
8859
9311
9865
620
4489
3251
1380
892
8516
1563
4222
878
4064
7602
4772
6069
2257
1059
3969
1967
8101
2085
1258
8306
2285
4078
2937
341
5800
9355
1218
8101
4031
9260
3510
2909
7795
2038
8634
6054
9011
4293
5036
6208
4692
5567
375
3056
1979
3541
1083
326
9589
3938
1412
4337
9278
8521
4672
8497
8672
7072
5933
5811
9189
7222
5259
675
9285
9007
6755
6711
9615
3664
7424
3225
7564
8412
2414
3955
9554
7384
5682
8436
5244
8934
9213
1563
7950
3518
8972
4145
4226
3056
7004
6328
6710
9898
8220
9749
9443
1782
6086
9831
159
5916
699
7604
4606
4216
3212
5133
7293
708
5959
9778
422
6154
359
1059
9083
5895
5773
8872
2114
8376
5488
5590
1821
6410
5758
2830
1272
1724
7727
6516
6945
7340
427
6891
270
270
3823
1909
1786
3235
7263
2497
8064
3493
4405
4235
4712
5273
971
9005
3606
2731
7821
1595
9615
1743
6758
1401
6705
1675
6855
9121
3844
6374
2346
642
2577
9614
1352
9157
5041
898
966
3800
5697
6581
9663
9670
827
5226
6154
5797
5951
9399
3682
421
6257
6583
6783
8371
4606
7422
7493
4405
5313
9240
892
2146
8285
4244
3020
2885
1088
4257
813
8934
9943
6231
6885
5425
2056
6154
6508
9194
1156
3717
480
6542
7640
2798
4235
4029
7723
5351
8635
1436
7222
3090
6550
6059
3217
3476
1908
2520
9944
9194
9424
5282
6337
6410
8671
2753
3208
9795
5393
5996
3698
6763
8909
6322
1137
9424
4596
7618
9203
3174
8951
352
4031
7485
9527
6853
7110
1557
2795
1938
5758
8556
7309
9632
9048
3129
4038
255
7990
1714
5481
9713
9589
4551
1720
7643
9527
6932
987
9588
4762
5333
1754
9668
7085
8907
2761
3361
9346
9391
8528
7787
8402
2876
266
8969
3757
3708
4125
2224
9607
6316
8627
1330
175
9346
787
3181
2577
2982
7798
1050
1325
8560
5482
9486
9643
419
3847
811
6287
7709
1589
5333
8062
7962
3298
2537
3931
5516
4692
7035
1220
5072
6307
900
4447
8046
491
535
6770
128
8601
1838
5847
3235
3339
6374
94
642
1072
1919
326
3698
1485
4534
8412
4010
4692
3456
945
7868
6910
5627
5776
9956
3606
7678
1594
3164
2537
6473
5841
9529
1254
1880
9206
2429
7154
6885
3502
5929
7580
9194
3955
2294
8790
1704
5901
2286
6201
309
675
9745
5444
9500
7962
2572
3165
5933
9289
8199
8543
5805
9637
9186
9712
4093
1252
7577
1721
306
2038
6150
974
2731
4421
2090
9048
7616
5512
6125
4405
2134
359
789
1412
9022
4998
4592
6113
1097
9889
6254
9369
2285
9097
1786
5999
1721
2749
1123
3416
1082
974
4903
5268
6257
9355
4659
4258
3944
479
8246
7529
3548
3071
1272
6999
6957
3548
4038
9260
3859
5599
5083
4726
4700
555
1161
3320
6880
9988
9311
6456
6322
7311
2707
6410
7029
3001
5802
2932
5599
3033
4906
9810
7690
8872
6708
6231
538
1008
4258
2854
6921
6964
7965
9745
1614
3521
9681
6013
8620
6279
5339
6932
3832
6262
2186
6921
2151
1783
5511
6410
8285
1965
2141
922
4453
411
5142
7827
2707
6208
8445
4203
341
2159
4682
7726
5425
1250
6550
2247
6563
26
5198
4731
7736
3288
5035
2531
5545
7323
94
8470
1375
5283
6007
5218
7558
3075
7726
2668
2676
6957
6057
1446
5357
2480
1189
1272
7787
5590
8481
9560
3959
7411
4436
1524
5407
7786
4250
7558
8677
8028
1556
7833
8279
5630
7909
6083
8754
2296
4731
8691
3308
9394
1086
3905
3215
4037
382
1193
3247
4822
6736
660
7992
9480
5996
3581
8905
4635
4605
7950
7283
6151
6914
3267
6668
4783
8440
1008
4493
784
9853
427
8767
8114
2347
7466
8887
885
888
842
2522
7472
1727
4917
7298
2563
2029
9490
4802
8011
821
1254
1330
2159
4911
1340
787
9109
621
3373
7767
8466
1346
4269
9853
123
974
8601
6387
4642
9032
1642
7315
7337
7529
6598
3705
674
4972
5466
8689
9745
8046
4122
9578
7490
7263
5620
7643
5471
7446
9424
5708
805
3375
4229
2134
1352
994
4509
5322
5511
5520
8195
9289
4861
3958
7144
3800
7691
2346
6476
4906
9085
1350
211
4412
1249
9308
371
5172
6297
4386
5591
9813
8060
3034
8389
7704
3132
4897
8909
227
1227
7083
8440
2957
7979
9535
8509
7457
5603
5137
845
5088
1572
6806
6763
6255
4730
974
7239
7915
2830
765
9911
8503
6250
6322
2854
8481
3271
9373
249
6610
3680
6921
945
266
3076
9266
9910
3437
2037
987
422
535
5682
918
435
9346
2895
7464
4266
8660
8812
7110
7529
498
7121
8860
9278
3858
2041
181
2275
487
1015
7510
9853
7678
3704
3863
966
1642
1252
9969
2456
3522
7762
6067
4318
4452
13
3264
6508
2429
7485
4699
3610
7004
8965
5843
4354
419
4258
2846
907
1119
2895
6823
2683
8568
9368
7355
4723
922
1051
1799
9973
179
9535
4038
6766
4332
1760
7266
5073
1249
4903
6853
8393
8696
4097
8865
9243
9346
4326
9533
4049
3082
5068
1481
5073
83
830
1273
800
4359
7098
8944
3956
9975
9268
2141
5207
3295
6908
411
2707
7518
8832
4649
8528
186
4963
132
9750
5630
2369
1094
9231
9604
8240
6620
2294
8749
1743
8660
1030
6550
1720
1461
2668
3439
6151
3411
7653
3955
4239
696
9681
4729
4596
2677
535
7922
7569
4064
9030
4107
3003
8512
6069
3553
9622
6583
6930
90
7293
2320
5393
3104
6179
7821
2992
5542
9941
9772
4589
3208
5273
6656
4588
1340
8942
6412
7737
3056
3969
1550
2731
7423
5546
6547
9643
9359
8812
2029
7868
9030
3584
2846
1609
8893
8146
1568
6400
9824
9648
6826
9028
593
3945
4268
4075
5552
7362
4075
4970
6259
4857
3368
7616
2564
2563
4572
1846
6067
9619
8577
9671
5933
4355
7844
1642
8392
6682
1760
2146
9742
2346
5939
633
9944
1020
9449
3777
9097
2849
4027
4756
7518
1059
9832
2135
8793
3368
7518
7928
1758
5230
2798
1751
5408
8034
4656
8411
2186
5454
5791
6948
8988
9981
5068
5670
3255
1375
5220
1961
8146
7380
604
1769
1623
3104
3705
2957
4250
1050
4377
9368
6208
3908
4457
3110
2843
1702
8344
4538
5793
510
8137
2690
3195
9732
7950
7726
4825
4122
4700
1041
5474
3909
6975
8272
8942
4635
4493
8678
3779
5172
5825
8392
9231
6937
1921
1088
5535
9245
3001
4010
5816
8627
8496
7636
3012
8275
1234
2398
143
8129
6563
2409
9245
6086
3680
8012
5088
9578
6525
9898
372
5620
9973
7676
4337
294
94
491
270
4923
5418
437
3711
1614
1967
3174
1015
4998
2992
1594
5512
2883
9206
3114
5965
3213
4659
1193
7446
1786
1041
6616
1177
1144
1151
2981
6071
5230
9085
8830
3318
2510
2507
3047
8854
7464
4793
3418
4621
8489
6313
7613
4897
2909
9562
4307
8446
1783
3448
8081
5481
8734
8601
9522
2808
4635
1223
6838
6130
5545
3318
708
3604
9309
821
9310
4705
1486
8482
6825
8394
1153
6826
6238
1972
1083
821
6914
181
7384
3373
1791
5825
4337
811
5895
4793
8088
6949
5839
6363
6885
3581
7978
9480
2625
5545
599
1584
6972
5404
4518
1317
7546
5620
123
3172
9583
8942
1246
2937
1066
3069
7645
8140
4241
8270
3614
7154
9833
8282
3109
4536
2128
4560
2895
6218
2603
6830
4244
2676
5227
8535
8239
7955
128
4979
2041
7422
4592
3255
7844
4097
4386
6062
236
8046
2838
7083
5149
1148
9604
16
5512
9527
5454
555
255
5007
4054
925
9170
5929
8037
9242
5983
9853
2753
348
4699
6082
6995
4823
5693
8402
790
1153
4642
5985
6975
2407
6872
5921
5207
4587
350
1093
2146
4140
3515
4436
6508
5971
3545
3215
2386
3003
5429
8905
7472
8497
3873
7669
6062
8749
5861
198
6024
9856
1321
2740
8944
1675
1567
5371
1321
7710
8203
3963
4793
9979
3045
790
8988
7218
3553
552
2683
3692
1235
9744
8951
5868
1782
2564
8291
1144
3276
3743
2032
2369
1254
3215
6113
2686
2520
5936
8872
4412
4935
1763
8893
4297
2753
8165
1119
7894
4294
3097
6541
5009
5207
7421
3906
5545
2991
7723
7029
4699
626
1320
4229
2124
6397
8616
1769
9077
1301
721
3264
1682
9911
5454
8003
8952
6273
6710
1058
2848
4516
5555
6473
4538
3959
5535
7301
8707
5060
8424
8455
4691
9850
3171
5226
9980
997
607
9842
3510
9561
5332
9187
8496
2654
8860
7335
9721
7268
7122
253
1527
7468
793
3959
1161
8867
3712
3888
8376
9729
1350
3737
8394
4745
6600
435
6514
3104
8936
8424
7723
1220
4656
1990
8445
3271
3586
5556
1607
9871
6456
765
9268
883
8024
251
1902
4518
1825
3532
2595
8389
5073
3875
9187
3417
2111
5895
6337
5853
8482
3264
9369
8936
5971
9206
561
721
2595
8560
2540
8285
8867
1848
2630
5513
1287
5719
4605
1533
9285
5708
791
4674
8285
6625
1569
1623
2285
4205
3704
7601
8190
7315
6862
3020
2652
3007
7968
373
5682
1058
6017
1030
8616
6059
4256
6007
2129
8389
3062
4760
1237
8793
9908
4079
9156
2223
9459
1117
1395
2114
1335
3299
8124
5891
536
5099
8470
6763
5825
3476
3836
8430
3212
536
5813
8928
1148
1301
4355
4802
4963
5578
7349
8512
7776
4457
2068
90
392
1235
6517
3109
8543
2844
1262
5667
5718
1330
1751
5825
9005
4563
4903
6340
783
4765
4563
9043
4766
6379
9589
4919
6829
6830
7016
3148
8445
7323
1489
931
9022
4948
1682
7479
4320
5402
8888
1151
2819
3172
7562
510
6829
9018
9800
8734
5676
8516
311
8944
2707
5251
3773
3165
1727
9063
2988
5007
7144
4530
3318
971
3295
9795
4560
910
593
26
8938
4199
7186
4970
2296
1119
6363
8012
1218
9857
4979
8029
4769
8466
1669
9373
5024
4811
3165
8532
7550
8144
2090
8509
6211
4656
626
9987
6683
2129
6005
5624
2146
5776
6335
1477
3129
6239
8577
996
642
778
5792
348
4559
2609
5499
778
7661
3109
4318
8767
5217
9449
4239
9186
6057
7749
5594
557
3773
2056
3921
9607
1772
7089
9857
2932
6872
8854
2111
3135
5339
8649
243
9875
6705
570
7545
6279
8677
348
8140
9083
8094
9842
4307
427
432
7545
4355
2348
9393
3051
6011
8265
6340
411
5590
8501
8833
9673
567
5220
5816
557
8495
1671
4436
4281
6017
5364
7485
1502
9800
1028
555
6417
7100
3313
3946
1249
3646
1883
4528
6777
1921
1951
8451
2114
9856
4551
6736
1227
2151
4241
4222
8691
1753
5482
556
5719
3830
8143
8443
6829
3586
2812
1793
9030
5322
6735
3888
3771
9749
9588
5237
7118
1486
5147
2375
1825
6113
1106
9580
108
5743
6494
7735
1986
9233
3174
6221
2824
3318
7669
5393
9155
2564
6262
3292
3004
3955
8203
4194
1990
6100
7707
8060
187
6610
3069
2848
1317
341
927
8246
3292
3684
6239
7735
2903
6316
7845
1825
5455
7922
2602
7644
3701
9560
480
5773
702
6566
2311
1061
5509
8555
1481
1
6319
5054
8080
7384
6059
7276
922
7934
8345
2851
6201
396
7371
5283
177
371
5355
8965
5624
3214
9632
1822
2754
2101
842
2817
557
8228
9048
4905
7605
3006
145
1382
1320
1815
4436
2652
2876
7266
2623
3181
8272
594
2003
6355
4054
1701
6083
7340
2
9028
7079
3684
3532
1249
2200
6211
6071
8696
5513
3581
6736
3234
8129
5567
7730
7113
6908
8195
2206
5971
7711
6287
2330
7063
9285
997
5996
7564
3873
9871
7278
9715
9772
5371
2816
827
9359
561
1804
2328
8336
4486
513
3312
3682
8088
1234
1557
1799
7371
2878
9666
9051
5434
7691
3852
621
7387
8790
9666
1739
6148
4516
3361
8872
2497
373
1839
3171
2749
9240
5
1156
211
9943
8272
5407
4963
5307
8033
3172
5797
198
8079
7433
4486
3963
9889
2507
3071
3593
9584
8094
387
429
5939
2817
5916
5368
2808
8556
7446
2041
2296
7492
9933
1906
7573
5402
2135
7694
7850
1323
4154
2185
7618
382
2520
8928
6005
327
2843
883
1272
1891
4069
6456
2543
708
9458
8243
4345
4979
1815
392
4881
9490
1
4516
8632
2072
9879
5268
6297
9580
313
7670
2761
9981
7850
6676
7596
4559
5048
1967
3305
6925
4250
3476
1066
9018
9944
9397
7950
6676
5429
1131
5526
8509
6880
7072
9910
7416
7461
6909
2878
3585
4235
5921
435
7008
4079
1437
1625
1223
8124
4186
9486
2846
2397
2630
45
6818
6806
326
3910
6668
9772
9971
2867
8481
1830
9671
5073
3308
538
3036
2369
8311
4793
5336
1161
9485
3963
4560
1115
7850
1760
7499
7645
7218
3922
9198
8466
8306
6766
3036
6417
5526
5455
419
5437
6062
6542
8866
478
3565
8195
2988
2118
8938
7391
4382
9242
3737
4031
1350
313
6930
6379
4857
6693
8952
6365
3003
7466
4426
5693
1111
4726
7162
4649
1812
9519
1380
9671
4078
7335
9648
3742
6638
4032
3489
878
3680
5627
7349
9908
1164
7732
9622
7351
1561
5148
607
6941
1889
4970
3610
9833
8702
8645
3046
1141
9110
7369
6950
9778
3448
2375
6908
6625
4884
2955
6725
1144
9411
216
1116
5198
4888
6935
7455
4755
3946
4294
4343
1171
4093
8199
5796
6071
5429
1804
2386
2132
1893
8272
5754
8616
3010
2458
6566
4332
1982
1550
1486
7492
3247
8195
4247
7353
359
9440
7461
1437
2258
8270
2749
9699
9310
2386
6525
2404
2719
352
3010
1485
4563
4682
5658
4703
4603
3459
2735
187
6082
6100
7640
6755
5670
8645
3399
1106
3418
1115
1912
1822
8272
3320
3288
8371
4698
6917
5959
9482
6017
7979
5471
5442
7063
3584
8528
945
179
8190
5530
8011
7194
3062
5339
6829
1375
1724
5021
3045
7618
7454
7787
7454
4005
2918
6083
1893
7676
5901
5530
3264
1137
5332
271
7337
8804
8081
9958
4382
804
4025
7837
7116
227
3836
4447
4731
5576
3492
2448
4280
322
5763
5791
1625
3646
4037
2148
2237
3165
1769
9831
9842
8188
5458
626
5835
5149
620
2378
7322
2237
2200
2981
371
1412
4825
5096
8421
1909
9561
5198
2686
1276
7767
9351
4588
270
9189
3830
1088
9772
790
9622
5708
4726
2461
3070
8088
7544
5792
8982
6069
9172
8011
9051
3264
7335
9140
5509
1698
4897
6909
3179
3282
5251
9908
6541
5251
2547
4608
4299
352
8764
3459
8545
1902
4906
5861
9980
7577
9842
4691
3333
888
7411
1636
3956
5951
5060
6690
8840
2731
9023
2056
5198
2740
3355
2885
5816
6825
1287
5048
6676
6218
7296
7188
7323
8673
3027
3368
8691
6514
8907
9007
7296
5800
8909
8369
9186
7711
4822
2848
2429
4149
1272
1170
2148
3075
6638
5529
2681
5841
6238
4421
4133
1123
7827
462
2603
419
7786
813
6999
8114
3312
925
4256
6073
8660
3070
1889
567
7994
8938
4770
7736
7735
6201
8775
7821
6201
4069
373
5332
3522
5682
3333
1323
2378
8734
8555
4439
9580
9615
3336
375
8764
3261
8101
2455
4297
5580
6492
6052
7089
2038
9527
8881
6397
4698
5921
68
5072
8965
9311
2798
2480
3585
842
1346
9519
8520
4294
5268
557
8270
552
7621
7601
9684
3172
4027
1735
4919
7410
9941
538
3865
8938
5800
1906
7079
4766
2654
1083
5714
4770
7296
5796
5156
601
429
4972
3844
5617
6544
5906
1623
5843
5051
9290
6516
9578
6995
3034
6863
3349
7939
5347
227
3861
1340
5099
621
9219
2518
7339
5333
9909
4268
3910
2937
2223
9343
6538
3373
9011
2135
9611
3711
491
8345
4268
8790
5322
1783
1724
5520
8351
5320
3921
1008
6151
249
2839
8144
329
4790
4072
3701
567
1623
4343
9063
5270
9369
6581
9343
589
8911
3512
6616
1524
5921
9911
6218
5843
8220
5537
3339
5773
854
5227
6863
6583
8028
1320
9308
8830
8915
1682
8481
8291
123
3375
9397
5797
9242
9018
13
9302
1201
4762
2981
1217
276
7827
350
561
7113
4244
2991
1394
6287
7335
1979
5434
5455
4793
3947
1685
9243
4452
7711
