10000
3 3 4 2 5 6 1 6 5 5 3 2 2 2 1 1 3 2 2 3 2 1 4 1 1 1 4 2 1 1 4 5 5 5 4 4 4 4 3 5 1 3 6 2 5 6 1 1 3 6 5 3 2 2 1 1 4 1 6 5 2 3 1 2 3 1 4 6 1 6 2 3 5 3 6 3 4 5 4 5 5 2 1 1 2 4 1 3 6 5 1 1 4 2 1 3 4 5 2 5 2 5 1 6 5 6 3 1 2 2 4 3 2 5 1 6 4 6 6 6 4 5 4 4 4 1 1 5 1 6 3 2 6 4 3 3 3 6 3 1 1 1 3 1 5 6 2 2 6 6 1 5 3 1 4 1 2 3 1 1 5 3 3 6 1 4 6 3 5 5 4 2 2 6 2 4 3 4 3 2 5 6 2 6 3 1 5 4 2 5 4 2 4 2 4 6 2 5 6 2 3 4 1 4 5 1 1 2 1 1 4 1 3 6 5 6 6 4 5 1 3 1 3 5 3 1 1 3 3 2 1 6 1 1 5 1 2 1 2 5 6 3 5 4 5 6 5 1 3 4 3 4 4 3 3 2 4 4 3 6 1 1 2 1 4 4 1 2 5 5 2 6 5 2 3 3 2 4 6 4 1 5 4 6 6 3 1 3 1 3 4 3 1 2 2 1 3 2 1 6 3 6 3 2 4 5 1 1 4 5 3 3 2 4 3 1 4 1 2 3 5 1 3 5 2 6 4 4 6 2 6 1 6 1 3 3 6 5 5 2 1 5 3 3 2 6 1 3 1 5 3 1 1 1 3 6 2 6 6 3 2 2 4 1 2 2 3 2 4 6 2 4 1 4 6 1 4 6 5 4 2 3 2 2 6 6 1 3 3 3 2 1 4 6 3 6 4 1 6 1 1 2 1 4 5 4 2 3 4 4 6 4 1 6 6 4 5 1 5 2 1 6 2 1 3 4 4 3 1 2 4 1 2 5 5 6 6 3 1 4 5 2 5 6 4 3 6 2 2 1 2 1 5 2 3 6 5 4 5 6 6 4 2 6 4 3 6 1 6 2 3 6 3 5 2 2 1 1 1 3 5 6 2 3 3 1 2 2 5 3 1 4 5 5 1 5 2 1 2 5 6 1 1 4 1 5 6 5 2 1 3 3 5 4 4 4 6 5 5 2 6 6 2 6 5 4 5 1 3 6 5 3 5 3 5 2 5 4 2 2 6 5 2 1 4 2 6 3 5 6 1 1 1 6 2 2 1 3 4 2 2 6 5 2 2 1 5 2 2 2 4 3 4 4 2 6 1 6 4 4 6 1 5 3 2 5 4 6 4 4 1 5 3 5 6 3 4 2 5 4 4 1 5 6 3 2 5 3 5 4 3 2 2 3 5 1 5 4 6 6 2 4 4 4 4 2 6 2 5 5 2 2 6 5 1 4 1 4 6 6 2 3 6 3 5 1 3 3 3 3 4 1 3 1 1 6 2 1 5 5 3 6 3 5 3 1 6 1 3 3 6 2 6 4 2 4 5 6 4 5 4 4 6 1 4 3 3 4 4 3 6 4 4 5 3 2 1 6 2 5 1 4 3 3 3 5 1 1 1 6 1 5 6 5 6 4 3 4 5 6 2 6 4 2 3 2 4 6 5 5 5 2 2 2 5 2 2 2 1 4 4 6 6 3 4 1 1 2 2 1 3 3 3 2 5 2 1 1 5 1 4 2 5 4 1 4 5 3 4 3 5 1 4 5 4 1 6 5 6 1 1 2 5 2 4 2 3 4 3 3 3 3 5 6 1 6 5 2 3 3 1 1 4 2 6 2 5 2 5 5 6 6 3 6 3 4 1 4 5 6 3 4 6 3 1 2 3 4 5 1 4 6 1 4 4 6 3 2 1 6 3 2 1 4 5 4 2 1 5 2 2 3 6 1 4 2 6 4 2 4 6 5 6 5 2 1 3 2 2 1 3 1 3 2 4 2 1 6 4 6 2 5 6 2 4 6 1 3 1 1 2 6 3 3 5 4 6 2 3 1 4 1 1 6 6 6 5 4 3 4 6 3 2 4 4 5 5 6 6 4 3 6 5 4 1 3 4 1 2 3 6 3 4 3 4 4 2 5 2 1 6 5 1 6 1 1 1 3 6 2 4 2 4 5 1 3 1 4 5 1 4 2 2 5 3 6 6 6 5 3 4 3 6 5 6 1 3 6 4 5 4 1 2 2 1 1 1 1 2 5 4 3 3 6 2 2 5 3 4 2 4 2 2 4 6 6 1 4 6 4 4 3 2 5 1 2 2 6 1 1 3 3 4 6 5 3 4 1 6 1 3 5 6 1 5 5 5 5 1 1 3 3 2 1 4 5 4 2 4 5 3 3 5 6 4 1 2 4 6 5 5 4 4 5 2 3 6 4 4 6 4 6 5 4 4 2 1 3 5 4 5 4 6 6 3 1 5 2 5 5 4 6 4 2 3 3 3 5 3 3 2 3 1 6 6 5 6 4 6 2 6 6 3 2 3 3 2 2 6 5 6 1 6 3 2 3 6 5 5 4 3 6 2 4 5 6 6 1 6 2 3 6 4 2 1 5 2 1 3 6 4 4 1 4 1 1 5 6 4 1 3 3 4 6 5 1 2 5 1 3 6 2 3 5 1 4 5 1 2 6 3 6 3 6 5 4 6 4 6 3 2 3 3 6 4 5 5 2 6 2 4 6 1 6 1 5 6 2 4 5 3 1 1 5 1 4 3 6 2 4 4 4 4 6 3 2 2 1 1 4 1 5 3 5 2 6 4 5 5 5 6 4 5 4 5 5 4 6 6 2 3 3 5 6 6 2 6 4 4 2 2 3 4 3 1 3 6 5 6 2 1 4 3 3 3 1 5 2 4 6 2 3 1 2 3 6 4 2 2 4 5 5 4 1 6 5 2 5 2 1 5 3 4 5 2 4 4 2 5 4 1 4 5 2 4 3 5 5 1 5 1 3 2 6 3 3 6 2 6 5 1 6 6 1 2 4 3 5 4 5 3 3 3 2 1 3 4 1 5 5 5 3 2 4 6 1 2 6 1 2 2 1 3 4 2 4 1 5 4 2 1 4 2 3 1 4 5 6 6 6 2 6 2 1 1 4 2 6 4 3 3 1 6 5 2 1 6 1 1 5 1 3 1 2 2 1 5 6 4 1 4 4 4 4 3 3 5 4 2 4 1 5 4 6 1 4 1 5 1 1 6 4 3 1 5 4 2 1 4 1 2 1 5 1 5 1 2 2 1 4 1 5 6 2 2 3 6 2 6 6 4 3 4 2 3 1 2 6 1 6 1 6 2 4 6 4 4 5 5 4 5 2 1 2 4 4 1 4 3 3 6 3 1 3 2 2 1 3 1 1 6 5 6 2 1 1 1 3 6 2 5 1 4 5 3 5 6 6 2 4 3 5 3 1 2 3 4 2 6 5 1 1 4 1 1 6 2 6 1 1 3 4 5 6 1 1 4 4 5 3 1 3 3 4 3 3 6 6 2 2 3 4 1 1 1 5 3 6 3 4 5 4 3 3 3 5 4 5 4 6 5 5 3 3 2 5 6 6 3 4 2 5 5 4 6 2 5 3 4 6 4 1 5 6 5 1 2 2 1 2 1 4 2 2 6 3 6 2 3 3 4 3 5 4 1 4 2 1 1 5 4 6 5 2 1 3 4 1 6 5 1 2 2 6 6 6 6 6 2 6 6 1 1 6 4 6 6 3 6 1 5 1 1 6 6 6 4 5 4 5 4 2 3 2 6 1 1 6 6 3 6 2 2 6 4 1 6 1 3 2 6 5 5 5 4 4 5 2 1 6 6 3 3 3 2 1 1 3 4 3 3 4 6 2 5 4 3 5 3 6 6 2 4 5 2 3 3 2 1 3 4 2 3 1 2 5 6 6 1 6 3 6 3 6 3 4 1 5 3 5 6 6 3 5 5 2 3 6 4 3 2 2 6 3 1 4 2 3 5 3 3 5 4 6 6 3 3 4 2 1 5 3 5 4 1 4 2 2 1 5 5 1 3 6 5 5 2 5 4 2 4 2 6 6 3 5 4 2 3 6 6 1 1 5 6 3 6 2 5 2 3 6 2 2 2 6 4 4 2 3 5 3 2 4 4 1 1 1 4 2 1 4 6 2 4 5 4 3 4 2 6 2 1 4 3 2 5 4 6 2 6 5 1 1 2 4 1 3 5 2 5 4 1 6 6 1 6 4 1 1 6 2 3 5 2 5 4 2 6 1 2 1 1 2 6 6 1 4 6 3 3 4 3 4 4 3 1 3 2 2 1 1 6 6 1 4 3 3 2 6 5 5 5 3 6 1 1 1 6 2 5 3 1 1 4 4 1 1 6 3 4 3 2 2 5 3 1 1 6 1 5 1 2 2 6 2 6 1 6 5 1 6 3 5 2 1 6 4 6 5 2 5 3 4 1 2 5 6 1 2 4 5 6 5 2 1 2 6 3 6 5 4 4 6 4 2 4 5 3 3 5 5 6 6 1 4 1 6 5 1 6 1 2 1 2 5 3 2 3 5 1 3 3 6 5 6 6 6 3 1 1 6 1 1 2 6 5 1 2 6 1 5 3 4 4 1 3 2 5 5 2 2 4 5 6 6 4 1 6 3 5 3 3 4 4 4 4 4 5 6 6 1 2 5 1 1 2 1 1 5 2 6 1 3 5 6 6 1 3 5 4 1 3 5 6 6 3 1 3 4 3 6 4 5 6 3 3 2 2 5 3 5 1 5 1 3 4 1 5 1 4 1 6 4 3 5 1 5 4 2 4 5 5 6 2 6 1 1 3 5 4 1 3 6 2 6 5 5 1 4 2 3 4 3 5 1 5 4 4 1 4 1 5 6 5 6 3 3 5 2 6 3 1 6 6 5 5 2 1 4 5 1 6 3 1 2 3 6 4 5 6 1 1 2 5 1 2 5 2 2 4 1 6 5 3 6 1 1 1 4 6 2 3 2 4 5 4 4 3 1 6 5 3 4 2 6 1 1 1 6 4 2 5 4 2 2 3 5 3 3 6 4 5 3 4 6 3 2 1 3 4 4 4 6 5 1 2 1 1 3 1 2 1 4 3 3 5 1 2 2 3 6 3 4 3 6 2 3 3 2 4 5 1 3 1 5 4 2 2 4 4 3 6 5 1 1 4 2 1 4 4 3 4 6 3 4 2 2 5 1 4 4 3 2 3 2 4 4 3 4 6 6 2 3 2 2 5 3 4 1 1 2 6 5 6 5 6 1 6 6 2 5 1 6 5 5 6 3 2 2 3 3 1 1 1 3 4 3 3 1 2 1 6 1 1 6 4 6 1 2 2 1 3 5 1 4 6 6 1 2 4 1 3 2 6 4 3 4 2 3 3 1 1 4 4 6 5 4 4 1 4 5 3 5 6 3 2 2 5 6 1 4 1 5 5 3 5 5 3 2 4 6 5 6 6 4 3 4 3 5 5 5 3 5 3 1 2 3 5 3 3 5 1 3 3 6 5 3 4 6 3 2 3 6 6 1 5 2 4 5 6 5 4 1 3 3 3 5 5 3 2 2 6 1 3 4 5 1 3 6 5 6 3 3 6 6 2 2 4 5 4 2 5 3 4 4 6 1 1 2 5 4 2 1 3 5 6 3 5 4 6 3 4 4 5 4 4 1 4 2 2 5 5 4 1 3 3 5 4 3 2 6 3 2 6 2 6 3 4 4 5 1 3 2 2 1 3 4 6 6 4 3 6 4 5 2 5 4 4 1 1 5 2 2 2 5 4 3 4 1 4 6 2 3 5 1 1 1 3 2 1 5 5 4 3 1 5 1 4 6 6 6 2 2 2 2 6 5 6 4 5 2 3 4 1 2 4 4 4 3 4 2 6 3 2 1 5 6 5 2 1 1 5 2 2 5 4 3 6 1 5 3 4 1 5 5 6 4 5 4 2 6 1 2 6 3 5 4 3 5 6 1 1 4 5 2 4 1 6 3 4 5 2 3 5 5 2 3 1 6 1 6 6 3 6 3 4 6 4 6 3 2 4 5 6 6 3 6 2 4 3 2 2 2 1 4 1 1 3 3 3 5 3 6 5 1 4 2 2 3 1 6 4 2 5 2 5 5 2 1 2 3 2 3 6 4 3 1 2 1 1 6 3 6 1 3 4 2 1 1 4 6 3 5 5 2 3 4 3 5 4 6 1 5 1 1 2 6 5 3 6 2 2 1 2 5 3 2 1 1 6 4 1 2 1 3 4 3 1 3 2 5 2 6 6 6 2 3 4 4 1 4 4 3 5 2 1 1 3 4 5 2 3 4 1 6 1 4 5 3 3 2 6 1 3 6 3 3 1 4 3 6 2 1 5 3 3 2 1 1 1 1 5 4 5 6 3 2 2 5 6 6 3 2 6 5 3 2 5 4 6 3 1 3 5 6 1 6 5 5 2 1 5 1 6 3 6 6 6 3 6 2 5 1 1 4 1 1 4 6 3 6 6 3 3 1 5 3 2 4 1 2 6 6 4 3 3 3 3 3 3 5 3 6 4 3 3 2 3 6 2 6 5 1 4 4 6 4 1 4 2 3 1 6 5 6 5 3 4 4 2 2 4 5 5 1 3 4 1 3 2 4 5 3 3 1 1 6 3 6 2 5 5 5 2 6 4 2 3 1 2 3 4 5 4 5 6 4 1 5 4 1 6 5 6 2 3 3 3 1 5 5 1 5 4 6 2 6 5 2 3 5 2 5 6 6 4 6 2 6 3 3 5 2 3 3 4 6 4 3 5 2 5 3 2 6 2 3 3 6 1 2 2 5 2 3 6 3 5 5 5 5 5 3 1 2 5 6 2 2 3 3 1 2 5 4 4 3 2 2 5 5 5 4 3 6 1 6 6 3 5 1 3 6 2 1 1 2 5 2 4 5 5 4 2 5 6 3 6 6 6 3 4 3 1 2 2 3 2 4 2 4 6 3 5 1 3 1 5 3 4 1 1 5 6 3 6 5 4 5 6 3 4 3 3 5 5 3 5 3 1 5 4 3 3 6 5 2 2 4 5 4 3 5 3 4 4 3 6 6 6 2 6 1 4 4 6 1 4 2 6 1 1 5 2 1 5 6 4 3 1 4 6 2 2 6 1 4 4 2 2 4 1 6 5 1 1 6 3 2 4 3 1 1 5 6 3 3 1 4 3 2 2 6 2 3 6 1 5 5 3 5 1 4 5 5 4 3 5 5 5 1 2 6 3 6 3 5 4 4 1 6 2 2 2 4 6 3 1 2 6 5 1 3 3 2 2 4 6 2 6 3 1 3 3 6 3 6 2 2 2 2 4 1 5 5 3 3 6 2 2 6 5 5 3 3 2 6 2 4 4 6 1 3 4 3 1 5 2 5 3 4 4 2 1 2 3 1 1 2 2 3 2 1 5 6 5 2 4 2 6 2 1 5 2 2 6 6 6 5 2 3 4 2 2 1 5 3 2 1 6 4 1 4 5 5 6 6 3 3 1 3 3 2 4 4 3 5 2 4 1 2 2 1 5 2 6 2 1 1 6 1 3 5 2 5 4 5 5 3 2 4 1 2 1 5 3 1 6 4 5 2 3 3 2 6 3 3 5 4 1 5 2 1 1 1 6 6 5 4 2 3 3 5 6 4 6 2 3 3 6 2 3 1 6 3 3 3 3 6 2 4 6 4 6 5 3 4 6 5 4 2 5 1 5 1 5 6 2 3 6 2 1 5 6 2 6 6 6 6 6 2 4 4 5 3 4 4 1 2 1 3 3 1 5 2 4 1 2 1 5 3 3 5 1 3 1 1 3 5 3 1 5 1 1 6 6 5 2 6 3 5 4 1 1 5 5 5 1 4 4 2 3 4 1 5 1 1 2 5 3 2 2 3 4 4 3 5 2 5 6 4 4 2 5 3 6 1 5 3 2 5 4 4 6 1 2 5 3 6 4 4 2 2 6 6 3 1 5 1 2 4 1 5 2 6 1 3 4 4 1 5 5 3 5 5 3 6 6 6 2 2 3 4 2 2 3 2 4 2 2 4 2 4 2 2 3 2 2 6 6 1 1 3 1 3 5 5 6 2 1 3 4 6 2 5 1 6 6 5 4 3 4 1 3 4 2 4 1 6 4 1 2 5 2 2 4 5 4 4 4 4 3 2 1 5 4 6 3 2 3 3 3 2 4 3 6 5 3 4 6 3 1 2 2 2 6 1 1 2 1 2 3 5 3 5 1 5 6 2 5 2 3 4 4 5 2 3 5 3 1 5 4 2 3 6 4 4 3 5 5 6 2 1 5 6 3 1 4 2 1 4 3 1 1 3 3 6 1 4 6 4 5 1 5 5 2 1 3 1 4 1 6 5 1 5 4 1 3 1 1 5 3 6 5 1 3 6 3 5 2 3 5 5 2 4 1 5 1 5 6 3 1 1 6 2 6 2 4 2 5 5 6 6 4 6 5 4 1 6 5 3 2 3 3 3 6 5 3 3 3 6 2 4 4 3 6 5 5 2 4 2 5 5 6 3 6 2 3 4 2 1 1 2 3 2 1 6 3 6 6 3 6 5 3 4 5 3 6 5 2 5 5 6 3 6 4 5 5 3 5 1 6 2 2 4 5 1 3 1 6 1 1 3 6 1 5 5 4 1 1 2 5 3 2 1 4 1 2 1 4 2 2 5 1 5 4 2 6 4 4 6 2 2 4 2 6 6 3 4 3 6 1 3 1 3 6 5 4 1 6 4 2 4 4 4 5 4 2 6 2 6 2 6 5 6 6 6 3 3 4 6 1 6 1 2 1 1 6 2 6 3 1 3 4 5 6 6 6 6 3 2 3 4 5 4 6 3 2 2 4 1 1 5 2 4 3 4 6 3 3 6 1 5 6 3 4 4 6 3 6 4 3 1 4 2 2 4 1 5 3 6 1 2 4 3 5 4 5 1 1 1 3 1 6 2 5 6 2 1 1 2 3 3 4 2 2 4 5 1 2 5 3 6 2 3 2 3 3 2 3 5 6 2 5 2 3 3 3 6 1 6 2 6 2 1 6 1 6 2 5 3 1 5 5 2 6 2 3 5 1 1 5 2 1 5 5 2 1 1 1 2 2 6 5 6 2 2 5 3 2 4 2 6 4 3 1 1 1 4 4 1 3 3 2 2 2 5 3 4 3 3 4 1 4 5 5 3 2 1 6 4 3 1 3 1 5 2 6 6 2 1 1 2 1 5 2 5 3 2 5 6 1 1 3 5 4 4 1 2 3 4 2 3 4 3 3 6 4 1 4 1 1 5 5 2 5 3 1 6 2 6 2 5 3 2 6 2 5 2 1 3 6 5 1 3 6 2 5 5 5 6 6 6 6 4 4 1 2 6 3 4 2 4 4 3 6 4 1 4 3 4 1 2 6 3 4 3 5 5 6 1 3 4 1 1 4 5 5 3 1 3 5 4 5 2 5 3 5 6 5 3 2 2 4 5 5 6 2 3 1 5 6 6 1 1 3 3 5 5 2 1 3 6 4 5 2 4 2 4 6 6 4 3 4 2 2 4 1 2 6 6 5 2 4 5 5 4 6 6 5 3 1 1 5 6 5 5 2 4 5 4 1 3 6 4 2 4 3 6 5 2 1 1 5 4 6 3 6 1 6 5 5 1 6 1 6 3 6 3 3 5 5 4 3 6 6 4 6 2 2 1 3 2 5 3 1 4 2 3 2 6 6 5 4 6 6 2 4 3 5 5 2 2 3 3 2 4 1 2 4 3 3 6 2 6 6 4 1 1 6 3 3 2 2 3 2 2 4 2 3 5 5 3 5 5 1 6 6 6 1 2 3 3 6 6 3 2 1 2 1 4 1 1 2 4 2 5 4 2 4 3 2 2 5 2 3 2 6 5 5 1 5 4 3 1 6 5 4 1 4 6 4 3 1 5 5 4 2 2 3 4 1 3 6 3 2 3 6 1 3 1 2 1 4 6 2 3 6 6 5 2 2 3 3 5 3 3 1 5 5 3 3 6 3 2 6 5 2 5 5 5 3 5 2 5 6 2 5 2 4 5 6 2 1 1 6 4 6 3 6 1 4 4 5 4 1 1 1 6 6 3 4 5 5 2 4 5 1 3 3 6 6 4 3 4 6 1 1 2 1 4 6 5 6 3 4 6 5 2 5 5 3 1 6 2 1 3 1 5 2 5 2 4 3 5 5 1 5 1 3 5 5 5 6 5 1 3 1 2 3 3 4 3 6 5 3 5 3 3 5 2 4 4 3 5 6 6 4 3 5 6 6 4 3 1 2 6 5 5 4 6 2 6 3 4 6 5 1 4 5 6 5 4 6 1 6 5 3 1 3 1 3 3 6 1 4 1 1 1 2 6 4 5 1 6 2 1 3 1 5 5 4 5 4 2 1 1 6 2 4 1 3 6 5 1 1 1 6 4 3 6 1 3 1 5 6 2 3 1 5 4 5 6 5 6 5 5 2 5 5 3 4 6 5 6 1 2 5 3 4 1 3 1 6 5 2 1 2 2 4 5 4 6 5 6 2 4 6 3 4 2 3 6 4 6 4 2 6 2 2 3 6 6 2 2 3 3 6 5 1 3 2 6 3 6 3 5 3 6 3 4 6 1 5 3 4 6 1 2 6 1 4 3 2 6 2 2 2 4 2 5 6 6 1 3 1 5 4 5 3 1 4 4 2 4 2 4 5 4 3 5 3 4 6 3 2 3 1 4 1 5 4 6 2 5 4 2 1 2 3 4 4 1 1 3 4 4 3 1 4 6 5 1 6 2 4 4 4 6 3 5 5 1 3 2 5 3 1 2 2 1 3 3 1 6 3 5 6 1 3 6 5 5 3 6 5 5 3 3 4 4 2 5 2 6 5 5 5 4 3 1 3 5 2 2 4 4 6 2 1 4 1 6 5 4 1 4 1 2 2 3 4 5 2 3 6 4 2 2 5 5 1 3 6 4 5 2 4 4 3 6 3 1 5 5 3 4 6 2 1 5 3 5 5 3 1 5 6 4 2 2 6 1 6 5 2 5 5 1 2 1 6 5 2 4 6 4 1 4 4 6 6 1 4 4 2 6 2 6 5 6 4 6 6 5 2 5 5 5 5 1 2 1 4 1 2 4 5 1 6 1 6 2 2 5 6 6 4 3 3 5 1 5 6 2 5 3 4 4 3 3 6 2 5 3 2 6 5 5 1 5 4 3 2 2 6 1 5 4 1 6 5 1 1 4 3 6 4 6 6 4 1 3 3 1 1 6 1 1 6 1 3 1 3 4 3 5 4 4 5 3 2 3 1 5 4 1 3 6 1 2 6 6 6 5 5 3 6 2 4 4 1 1 2 2 3 1 4 1 5 1 1 4 2 6 3 5 2 2 5 4 4 1 4 3 4 4 6 3 1 2 1 5 1 3 3 2 4 1 6 4 6 1 3 2 3 4 3 3 3 6 6 2 4 6 6 1 1 1 5 1 4 2 2 4 3 1 3 6 1 2 3 5 3 4 6 2 1 2 1 1 2 5 6 1 6 2 3 3 5 2 3 4 1 3 4 4 6 3 4 3 2 1 1 5 3 6 6 6 1 6 4 1 5 2 5 4 5 6 6 6 2 2 3 6 2 4 3 6 2 1 6 6 5 3 5 4 3 4 2 2 5 4 6 2 6 2 1 4 1 1 3 6 1 5 6 3 4 1 2 2 3 4 6 5 1 3 2 3 3 5 3 2 6 5 3 6 5 5 2 3 6 3 6 4 5 6 5 4 1 3 5 1 5 3 4 5 1 3 1 2 4 4 4 2 4 6 6 4 5 6 1 3 3 3 5 1 6 1 1 6 3 1 4 1 1 4 4 2 1 6 6 3 2 5 1 1 4 1 4 5 6 1 5 3 6 2 4 3 5 5 3 1 3 3 3 2 5 6 5 2 4 4 4 5 5 4 1 5 2 2 3 2 1 3 3 3 2 6 1 3 4 5 5 2 2 3 3 4 3 6 6 6 2 5 3 5 2 5 5 5 5 5 3 6 1 5 2 4 2 4 2 6 2 5 2 4 6 1 2 6 3 1 1 5 1 2 1 2 3 4 2 2 6 2 4 1 5 1 1 4 4 3 5 3 6 4 1 2 3 2 6 2 3 4 3 5 6 4 4 6 2 1 4 3 2 1 2 6 3 1 6 4 1 5 2 4 3 3 5 1 3 1 3 1 6 6 3 2 3 5 4 1 6 4 5 6 4 5 2 6 3 2 3 4 4 3 1 2 1 6 5 6 5 5 3 5 6 1 2 1 6 3 1 5 5 6 5 6 4 3 2 4 3 6 2 4 3 2 4 4 2 3 1 3 3 2 5 2 3 6 4 5 5 4 1 4 3 2 1 1 1 6 2 4 4 3 4 5 2 4 2 3 4 3 1 5 3 5 4 5 6 4 6 3 1 2 3 3 6 5 4 4 2 4 1 3 2 1 3 4 4 6 4 4 6 4 3 4 1 3 5 5 5 2 4 3 2 4 6 1 4 1 6 4 5 2 1 2 1 5 4 5 5 5 1 5 4 1 6 1 2 4 5 6 1 5 4 5 2 5 1 3 2 2 6 5 3 2 1 1 6 1 5 2 6 4 3 3 1 4 1 5 5 6 1 5 3 3 5 6 3 4 3 2 3 2 1 3 6 5 1 3 5 6 6 1 4 6 5 3 5 2 1 3 1 6 1 1 3 6 6 4 3 6 1 1 5 6 6 1 5 6 6 2 2 6 5 4 4 5 4 4 1 6 6 4 6 4 2 5 3 5 4 5 6 6 5 3 2 3 6 5 4 2 1 4 4 4 3 6 2 4 1 2 3 6 3 3 2 2 3 3 6 3 6 5 4 4 5 4 4 1 2 6 4 2 3 1 4 3 5 3 5 5 3 3 5 4 5 5 2 6 2 5 2 6 1 6 4 2 3 5 6 1 4 1 5 2 2 3 3 4 6 1 3 2 1 4 4 5 4 5 1 4 3 2 2 3 3 2 3 5 1 2 4 1 4 3 1 4 3 6 6 3 6 6 2 4 4 1 5 1 5 6 2 6 3 5 5 1 1 5 4 6 1 2 1 2 6 1 1 2 1 5 2 6 4 2 4 4 5 6 3 5 3 2 3 2 5 4 1 2 3 3 4 3 4 6 2 4 2 5 6 2 6 5 2 2 5 3 2 3 6 2 2 3 3 2 1 3 4 2 2 1 5 3 6 2 1 1 6 1 3 1 5 2 4 3 3 6 2 1 5 2 4 6 5 4 5 3 6 6 3 4 2 2 4 1 1 5 3 6 6 4 3 4 3 5 4 5 3 2 6 4 3 6 6 5 4 2 6 6 6 3 2 3 1 3 5 4 4 2 6 2 1 6 4 6 3 6 4 2 6 4 1 1 5 2 4 4 5 3 3 5 1 2 5 5 4 1 1 2 6 6 2 1 2 3 4 2 3 5 6 2 1 6 3 5 3 5 3 3 5 4 1 1 1 5 2 3 3 4 4 2 5 4 6 4 2 1 5 2 6 5 2 1 6 5 1 6 3 6 3 1 4 2 2 1 2 6 4 1 3 6 2 4 1 2 3 3 5 3 1 5 3 2 3 2 4 6 2 2 3 4 1 5 1 3 2 5 4 4 1 2 6 6 3 5 4 1 2 2 1 6 1 1 5 2 3 2 2 6 1 1 1 2 5 3 4 5 5 3 2 1 5 1 1 2 1 1 4 1 4 4 2 6 1 1 4 2 3 1 5 5 5 5 4 4 3 6 5 6 6 4 3 6 3 1 4 4 1 2 1 5 2 5 6 4 4 5 6 4 2 2 5 2 3 5 5 4 5 3 2 2 1 1 5 4 2 3 3 1 5 1 1 5 6 3 2 1 1 2 5 6 6 5 5 6 5 6 5 2 1 2 2 3 2 5 3 5 3 6 5 6 5 3 3 5 4 3 1 2 6 4 6 2 1 2 5 3 1 1 6 6 2 4 6 4 5 3 4 2 3 3 2 2 6 4 2 6 3 3 2 6 5 1 4 2 1 3 6 5 6 1 2 3 2 1 1 2 4 3 3 3 6 4 2 4 6 4 1 6 2 6 5 5 5 4 4 5 1 1 1 2 3 6 5 6 1 3 3 3 1 5 2 2 5 1 1 1 5 6 2 2 3 6 3 2 2 3 4 1 2 5 5 6 5 5 2 3 6 6 2 6 4 4 3 1 3 3 6 4 4 3 5 6 1 1 1 1 3 1 1 5 5 2 3 1 4 1 3 5 6 5 4 5 4 1 2 6 6 5 4 3 3 4 5 4 1 3 2 5 2 5 6 4 5 1 2 1 4 5 3 5 5 4 5 4 1 4 6 3 1 5 3 6 3 4 1 5 6 6 1 5 3 1 6 2 5 2 2 3 3 4 4 6 4 4 3 3 6 5 6 2 5 3 6 5 1 1 4 6 5 1 3 6 3 5 1 4 1 1 6 4 6 3 6 1 4 1 6 3 6 2 5 3 4 5 4 3 5 1 4 2 2 4 1 3 6 6 3 4 1 2 3 6 1 2 6 5 4 1 2 1 2 2 4 5 3 3 1 1 3 3 6 4 2 6 1 6 1 2 3 6 6 6 4 4 6 4 4 1 3 2 2 1 3 3 6 3 5 5 1 6 4 5 5 5 4 4 4 4 5 3 2 6 1 5 1 2 1 5 5 6 4 3 3 3 6 6 5 4 3 6 6 5 3 3 6 2 2 2 6 6 6 1 2 3 3 3 5 4 4 2 4 4 2 6 4 5 4 2 4 5 4 3 4 1 6 1 3 1 5 3 5 1 1 2 4 6 6 2 5 5 6 1 6 3 6 6 2 6 2 1 5 1 4 6 2 5 4 3 5 6 6 2 6 5 1 4 3 6 4 2 5 3 5 2 1 2 6 1 5 3 4 2 4 5 6 3 6 4 6 4 5 4 4 4 4 1 2 4 2 5 6 4 1 5 4 3 5 4 4 5 3 1 6 6 2 5 5 1 2 3 3 6 5 5 6 3 3 6 5 3 2 6 4 5 2 3 6 2 4 4 1 5 4 4 1 5 5 6 4 6 6 6 6 3 1 3 1 4 5 2 6 5 6 6 2 2 6 3 5 6 1 4 6 4 3 2 1 1 2 4 4 4 2 6 6 4 3 1 1 4 3 2 5 5 1 2 1 2 2 2 1 4 2 1 1 1 6 6 4 1 2 5 1 2 1 4 6 5 3 5 1 3 2 1 4 2 4 3 5 5 5 6 3 5 6 1 3 5 2 6 2 4 5 6 3 6 4 1 1 4 1 5 3 1 2 6 1 6 6 5 5 4 4 1 3 2 6 3 6 4 6 3 5 3 1 6 5 2 5 2 3 1 6 2 5 1 3 5 2 6 5 4 5 4 2 5 5 4 5 6 5 2 4 3 5 1 1 3 2 6 2 5 6 2 4 3 4 2 6 6 3 2 2 5 6 3 4 1 3 2 5 5 2 2 2 6 4 4 1 2 6 1 6 4 4 3 5 2 5 4 1 2 4 5 4 3 4 6 1 5 2 4 2 5 4 3 5 2 4 2 5 2 5 5 2 5 6 6 1 1 3 5 4 4 2 4 2 6 4 4 4 3 5 5 5 1 3 1 4 6 2 3 6 4 2 2 5 3 3 3 3 3 6 5 4 5 1 5 2 6 1 4 6 6 6 3 5 5 1 3 6 3 4 4 5 3 2 6 6 1 5 4 2 2 1 6 5 3 5 5 2 4 5 6 2 2 3 4 5 6 2 4 1 2 1 1 4 4 3 2 5 3 1 6 3 2 4 1 1 2 1 2 2 2 6 1 1 2 3 2 6 6 2 2 1 5 4 4 1 1 2 5 1 1 2 1 5 5 4 5 5 6 6 5 4 4 5 6 3 1 6 6 1 1 6 5 6 2 3 2 3 1 5 6 3 3 1 2 3 3 3 2 1 6 4 3 1 4 3 6 1 5 1 4 5 2 3 3 2 1 1 6 2 4 6 2 4 6 6 2 6 2 5 4 6 6 2 6 1 2 5 4 6 6 1 5 1 3 6 2 6 4 3 4 2 3 5 5 5 4 4 2 5 3 5 5 2 5 5 1 4 5 2 6 5 2 5 5 1 4 3 2 1 3 1 4 3 5 1 4 5 5 6 5 3 1 3 3 6 4 3 2 5 5 2 6 2 5 1 5 6 2 2 4 6 6 3 3 5 1 5 4 5 4 1 4 1 2 6 4 5 3 6 1 6 5 5 2 5 6 3 4 2 1 4 1 2 4 5 4 2 4 6 1 5 4 3 2 6 3 6 5 1 4 6 1 3 4 3 1 5 3 3 2 6 6 1 4 4 5 5 1 5 1 6 2 4 2 5 6 4 2 4 5 2 2 6 5 1 3 3 6 5 2 4 3 1 1 4 4 6 5 3 5 3 1 5 2 1 5 5 3 6 1 6 5 6 6 4 2 3 6 6 3 6 4 3 5 4 4 1 5 4 6 6 3 3 5 4 6 1 3 6 3 4 4 1 4 1 5 4 5 1 1 3 5 1 3 5 6 3 2 6 4 3 2 2 1 3 5 4 5 6 6 4 6 4 6 3 2 2 2 2 5 4 1 4 3 4 4 3 6 1 5 2 5 3 6 5 1 2 5 6 4 5 2 3 1 5 6 1 4 1 5 2 4 5 5 3 4 4 5 5 3 5 3 1 1 3 4 1 4 4 2 4 2 2 3 4 3 1 5 5 2 4 3 2 3 6 1 3 6 1 1 2 5 4 3 5 1 3 6 3 3 1 3 1 1 3 2 2 4 4 2 2 1 4 3 3 2 4 1 3 1 4 1 1 3 4 1 6 2 2 2 6 4 2 1 1 6 4 5 4 3 3 5 3 4 4 2 2 6 1 3 6 1 6 5 6 2 2 3 2 6 6 1 3 5 2 6 3 3 6 1 6 3 3 1 6 3 1 2 3 1 5 4 1 2 6 4 6 1 4 5 2 5 1 3 1 4 3 5 1 2 5 1 4 1 2 2 6 1 1 5 5 6 1 4 5 3 1 6 4 4 4 2 6 6 5 1 5 3 2 2 6 5 4 2 6 2 1 2 3 1 5 2 2 1 6 6 3 1 2 1 2 6 6 2 4 2 3 4 6 3 6 2 1 5 3 5 4 5 4 4 2 6 6 2 2 4 4 2 3 6 2 1 3 2 2 2 1 6 5 3 4 1 2 4 3 6 5 6 3 6 4 6 4 6 4 5 4 5 3 3 4 5 4 5 3 6 4 6 5 2 3 2 6 2 4 5 6 1 4 3 5 1 5 5 1 5 3 3 1 5 4 4 3 2 3 2 1 2 6 4 4 2 2 3 1 6 1 2 2 2 1 2 2 5 4 6 6 4 6 3 5 4 2 3 4 3 3 1 3 3 5 3 3 6 2 4 4 2 2 5 3 1 4 5 4 1 2 3 6 2 5 1 2 5 2 6 3 3 6 5 3 4 6 1 3 6 3 3 1 3 6 1 5 4 6 4 2 4 5 6 6 4 6 6 6 4 3 6 5 2 3 6 2 4 2 3 4 5 3 1 6 1 5 6 5 5 1 3 2 1 5 2 6 5 1 6 6 1 1 1 1 5 4 2 5 4 4 4 5 3 2 3 5 2 6 3 4 5 1 1 4 5 1 2 5 4 2 4 6 3 6 1 4 5 2 5 5 2 1 4 2 5 2 1 3 6 4 6 1 2 6 5 4 2 2 2 3 1 3 6 2 2 5 1 4 5 6 5 6 3 4 2 5 6 4 2 5 1 2 5 2 1 3 6 3 2 4 3 5 5 4 2 6 1 6 5 6 4 2 5 1 3 6 5 3 5 2 2 4 2 5 4 1 5 1 4 5 5 2 2 3 1 2 5 3 1 5 3 1 5 3 4 6 1 2 4 2 4 6 3 5 3 4 3 1 6 3 2 1 3 1 3 3 1 5 6 4 1 6 1 3 6 4 1 4 2 3 1 2 6 3 5 4 2 4 2 1 2 3 5 4 5 2 6 3 3 6 1 6 2 4 6 1 1 1 2 3 3 1 6 3 4 4 5 4 6 3 5 5 3 1 6 6 2 3 1 3 5 5 2 5 3 4 5 6 4 1 1 5 2 3 5 4 6 5 6 4 3 6 4 3 1 2 2 6 5 3 6 1 3 2 4 3 1 5 6 2 4 2 4 6 5 3 3 3 5 1 4 4 6 1 1 5 6 3 5 1 2 3 1 6 3 5 5 4 1 1 2 6 2 6 5 1 1 3 3 4 2 1 2 4 2 1 6 4 6 5 5 3 6 1 1 1 4 5 3 3 3 4 3 1 4 3 4 3 2 2 4 1 4 2 4 6 3 1 2 5 4 3 5 2 5 3 3 2 2 1 3 1 2 2 6 2 5 1 3 2 1 4 1 2 2 1 4 4 3 5 2 6 6 6 3 2 3 4 4 3 2 2 2 6 1 3 5 6 6 5 1 5 4 3 6 3 3 6 3 3 3 1 3 5 4 5 1 6 3 3 1 2 5 3 2 2 6 4 4 5 2 3 5 5 2 1 6 6 6 3 5 5 4 3 3 3 4 5 2 1 6 2 5 4 6 6 2 6 5 2 2 3 5 3 6 5 6 1 1 4 2 4 4 3 6 1 2 4 3 3 3 6 5 6 6 5 1 2 5 3 1 2 5 1 4 5 6 5 1 4 5 1 2 1 6 3 5 5 4 2 4 2 2 2 5 4 3 3 1 5 3 2 1 5 3 3 3 1 5 2 3 4 1 3 5 1 4 5 5 6 3 4 4 2 1 4 6 1 4 6 3 3 6 5 4 5 4 3 4 2 5 1 2 3 3 2 2 5 5 4 2 1 5 3 3 3 2 3 1 5 4 6 2 5 2 3 1 1 2 6 6 4 2 6 5 2 1 2 1 5 6 2 2 1 1 6 5 5 1 4 2 2 6 6 3 3 2 2 6 4 4 5 2 5 1 6 1 3 2 1 1 5 3 6 6 1 4 6 6 2 5 3 3 4 6 4 4 3 2 1 6 5 3 2 5 3 4 3 5 5 3 6 3 6 5 4 1 1 5 5 1 1 3 3 2 3 2 4 4 1 5 6 4 5 5 5 4 1 3 3 6 1 6 2 4 3 1 1 3 6 2 5 4 4 5 5 1 2 4 4 1 3 2 1 4 4 1 5 4 6 4 4 3 2 1 6 5 3 4 1 1 2 3 4 4 4 1 2 6 3 1 2 5 2 2 1 6 1 3 3 5 6 1 5 3 6 6 1 6 3 1 2 2 3 6 3 3 4 6 4 5 3 5 3 1 4 3 5 3 2 1 6 3 1 1 1 5 5 6 3 3 1 3 4 5 1 5 4 4 2 5 5 2 5 2 2 3 6 4 1 3 1 3 4 1 6 4 5 3 3 5 6 6 6 6 5 2 6 4 3 4 5 2 3 5 1 2 1 3 3 5 6 6 1 6 5 6 2 1 5 4 6 6 3 6 1 4 1 2 4 1 1 2 5 1 1 6 4 6 4 3 6 4 4 1 4 3 5 4 1 6 5 2 4 1 6 3 2 3 3 4 2 5 4 1 4 3 3 3 1 6 6 3 3 2 5 5 4 6 5 6 5 2 4 4 2 2 3 2 1 1 6 6 5 4 4 1 6 4 5 5 1 1 4 3 2 5 5 4 2 5 5 5 1 5 2 3 3 6 6 1 3 3 3 4 4 6 6 6 1 6 6 6 3 4 6 3 5 1 3 1 1 2 5 5 5 5 6 2 3 5 2 3 2 1 6 4 6 4 5 1 5 3 3 1 4 1 2 3 5 3 2 2 6 6 1 4 6 2 4 1 6 2 1 3 5 6 3 6 1 4 3 3 6 3 5 4 5 4 6 1 2 2 5 6 6 3 1 6 1 3 6 1 5 5 1 3 5 3 1 2 3 2 2 1 4 5 6 4 6 6 6 1 6 1 4 6 6 2 3 6 5 3 3 2 6 5 5 2 3 2 4 5 2 6 3 6 6 1 5 2 2 3 3 6 3 5 5 3 6 6 6 4 6 6 5 4 5 5 1 5 1 5 2 4 3 2 6 1 1 3 2 4 4 5 5 3 3 4 1 3 3 6 1 1 6 3 5 4 6 4 2 3 1 1 1 1 2 2 2 1 5 2 5 4 5 3 4 4 5 3 5 5 5 4 4 2 4 3 5 3 3 4 1 4 3 2 4 6 5 2 1 2 5 3 5 1 4 5 3 3 6 5 2 1 3 1 6 3 2 6 1 1 3 4 6 1 1 3 5 5 2 5 2 1 4 2 3 1 4 6 1 1 6 3 2 2 1 4 4 1 4 4 3 2 3 1 3 1 2 4 1 2 2 1 6 5 1 4 6 3 3 4 1 1 5 6 2 1 2 3 5 5 2 6 2 6 5 3 2 4 1 5 4 5 5 3 6 4 4 2 3 4 1 5 4 3 5 3 3 1 3 1 5 6 5 1 5 1 3 5 2 4 3 6 3 5 3 2 2 3 6 2 4 1 3 2 3 2 3 3 2 2 5 1 2 2 6 4 5 2 2 4 1 1 2 1 3 1 1 1 2 2 5 5 6 4 1 1 4 5 6 6 4 4 2 6 5 6 5 6 1 4 5 1 6 5 6 4 4 4 6 6 2 5 4 1 6 2 3 4 2 6 6 4 1 3 1 1 6 1 6 5 4 1 3 2 3 3 6 6 1 6 6 5 3 2 3 5 6 3 2 3 6 1 1 6 6 6 1 5 2 5 1 6 2 4 6 4 4 5 5 2 6 1 5 2 3 1 1 5 1 4 5 4 3 3 1 2 5 6 2 1 1 1 3 3 3 2 3 3 1 6 3 6 3 2 2 3 6 1 5 5 1 2 3 6 2 4 1 2 2 6 4 5 6 3 5 5 3 1 5 3 2 2 5 4 6 5 2 3 3 1 2 1 3 2 2 5 6 1 2 3 1 3 4 6 1 2 6 1 3 3 6 1 3 3 1 4 4 1 3 2 2 1 4 2 4 2 2 1 6 2 4 2 1 1 4 5 6 4 1 1 1 5 3 3 3 1 2 2 3 2 4 1 5 5 6 1 6 6 4 5 5 4 3 2 6 2 2 6 5 1 5 5 4 1 4 6 3 3 5 3 5 3 4 1 6 5 2 5 2 6 4 5 1 1 3 2 4 1 5 3 1 5 4 3 4 2 4 2 6 5 1 2 3 3 3 6 4 3 5 5 2 3 6 2 5 1 5 1 6 3 1 2 6 6 3 1 1 3 4 1 2 1 2 4 4 5 6 2 2 5 4 1 5 5 6 1 5 4 4 1 3 4 1 5 1 4 2 3 4 6 1 4 4 3 1 1 6 6 2 3 1 4 1 5 3 5 2 3 5 4 4 3 1 1 1 1 1 5 3 1 1 2 2 4 6 4 6 1 1 5 3 5 5 5 5 4 2 2 4 4 1 1 5 3 3 1 5 3 1 2 2 1 3 3 2 3 3 3 1 3 4 2 3 5 4 4 6 3 1 4 4 1 5 6 1 2 5 1 4 3 4 6 1 2 4 5 1 4 5 5 5 3 1 1 2 2 3 3 4 1 6 3 2 3 4 6 6 4 6 2 5 3 1 1 2 3 3 3 3 4 4 5 2 6 5 1 5 4 2 5 3 1 3 6 4 1 5 1 3 2 6 3 3 4 1 6 5 1 1 3 5 6 1 4 6 2 2 6 1 2 1 3 5 6 6 2 3 3 6 1 2 1 2 5 6 5 6 2 3 2 3 1 2 5 1 6 1 6 1 6 3 3 6 6 6 3 3 3 4 4 1 5 1 6 1 4 1 3 4 3 5 1 4 5 3 2 2 1 3 2 5 4 4 1 2 2 1 5 6 6 6 6 6 3 1 4 2 6 6 4 4 1 1 5 4 3 2 5 4 2 2 5 1 6 3 2 3 2 5 6 6 4 2 2 4 4 5 3 3 2 6 2 3 6 1 3 3 5 6 2 4 1 1 4 2 6 2 5 6 2 6 5 4 6 6 3 4 5 1 2 4 1 4 5 1 3 3 2 3 5 4 5 1 5 6 3 3 1 3 5 3 5 2 2 4 3 2 4 3 4 6 5 2 3 2 4 5 2 6 3 1 4 4 1 2 1 2 5 3 6 6 6 1 5 4 2 4 6 6 2 3 4 3 3 2 3 5 6 1 5 5 4 6 6 4 3 3 2 5 6 1 1 2 4 1 1 5 2 5 6 4 4 3 6 3 5 5 4 3 3 5 2 3 1 1 5 2 3 5 2 4 5 6 1 4 5 3 3 6 4 2 1 5 2 2 1 3 5 5 5 3 5 4 1 5 3 6 5 4 5 1 3 3 1 4 5 4 3 3 5 2 5 2 1 5 4 6 5 1 2 3 1 1 4 4 4 2 6 5 2 1 4 1 3 1 1 5 1 2 6 6 5 2 3 1 3 6 2 4 6
8850
1795
904
59
6626
2656
4844
4561
4327
3080
1025
9483
1176
1353
8995
4481
8845
1303
4306
3384
2955
9326
8379
3596
5305
751
5393
1510
9161
1606
2434
5996
3430
4574
2666
1012
1785
2273
6207
2279
5975
5511
9775
6577
3241
5271
4219
2039
2835
6196
992
7617
9470
2940
1309
634
7975
706
1197
3205
4844
1570
7040
2598
6314
4623
9983
8841
6037
6374
6448
3335
1869
9813
5754
7938
592
7122
8172
1374
372
1557
3471
6257
3962
5000
9295
6674
9095
1305
8271
4188
9042
5493
5905
4489
8160
8454
8418
6378
6655
8428
5962
949
1298
6331
6594
7697
7198
3558
8223
476
5130
6721
6073
6708
8342
9750
8792
7177
45
527
1160
3274
3754
2274
3418
7147
8021
7701
8383
9208
8999
6954
6710
1591
3710
265
1427
828
3522
1732
7145
1800
8320
2128
8827
6437
6264
2907
3051
2144
614
98
1527
7576
6873
7387
1202
4791
2687
4506
6017
1950
1568
2063
3342
9654
8144
9983
3720
143
8758
3093
4680
7849
4483
5106
6184
4647
5006
6183
8979
5482
3131
2415
5305
8841
1320
2410
374
8833
2543
215
9328
5462
4725
6045
6075
3074
7923
7115
14
358
9513
6787
6187
8833
9703
6774
2116
3856
6505
5274
2736
1023
7049
2940
5604
7014
2737
2279
446
8856
3559
3342
3182
5988
8803
5096
4016
1164
4982
6973
6005
2216
8019
9940
4162
1382
4680
9785
9468
268
4644
2518
4162
3982
9130
6199
7446
8862
2683
9491
8792
3580
8715
7563
1436
3672
6011
6671
6701
7673
2656
7884
2998
6052
2007
7639
8320
5645
26
9025
4957
6046
9932
7389
5081
6137
5649
1634
4553
9512
81
8059
1383
2939
7147
9287
5643
3545
2980
3613
7554
2687
6946
2735
3955
3044
3987
2940
6448
8224
8369
7045
5380
6246
4327
4324
2202
5260
2893
1633
6976
2583
4321
6745
8455
3438
3748
2383
7063
1385
1755
5844
1666
8266
7538
8369
2493
826
2649
5757
8692
4802
6026
9092
4407
8599
1084
1852
2358
5975
5002
8529
7998
353
2526
4219
4155
328
2829
2690
996
4167
9910
9900
5535
2798
5331
45
6186
3846
4941
1276
6250
4099
9328
3083
4553
3684
539
1506
8298
237
7451
4137
1951
7795
9815
3418
4324
5977
371
6721
5822
4306
9245
8429
691
4016
1888
1704
6973
5338
3410
5482
7034
5237
1003
5809
6373
2619
6556
2099
2841
7763
5151
5681
2807
271
1003
5260
9844
1601
7270
353
4424
8240
1602
5845
9394
2227
14
4109
2524
2489
4265
5492
6764
2653
36
4741
5609
1058
2363
5439
3834
4866
5408
5671
4968
6374
5957
2281
2515
9422
2076
1198
4619
4580
8418
9345
9526
1098
671
9092
2827
8974
9608
4721
7823
4424
6780
6710
1249
2786
6353
3227
9177
4264
9151
4282
8572
2334
4143
4421
963
3838
2128
5817
5267
8702
2633
8660
7095
1382
6237
8436
2039
7439
2980
6333
3672
5173
9149
9499
5271
9490
5755
9611
1867
8216
1601
5789
5672
4336
9540
4100
4107
4701
3335
8782
6187
4962
5807
7445
224
9209
2240
8505
8979
2003
5579
8572
1659
269
4328
1276
1831
6026
2015
6721
6161
5263
1966
6040
9701
7492
3492
3569
8973
1026
9664
7187
2347
2739
8630
2498
8773
9491
5393
9067
5542
3796
293
2009
3120
3357
5585
4287
2128
7038
7876
2923
5604
2415
7547
3616
2502
1155
7803
3492
2759
2642
2330
3846
3460
4724
348
5011
8455
7063
3223
7239
5543
2273
8082
3357
1718
210
143
5961
671
6401
8223
6163
1631
6625
6321
5196
5244
2898
6554
6459
3959
1663
2377
21
2347
8383
8429
1990
4509
3825
492
1595
9310
6083
6469
8039
5066
9560
5845
6671
8358
1889
3596
1113
4425
7014
5741
8196
6161
3787
8082
8833
3376
8910
1357
9611
4982
8365
623
221
8669
1016
9409
527
2292
9807
2502
1396
4068
8868
1894
6556
8702
1795
1346
3783
4623
9641
1440
2266
1882
1198
7859
9240
4098
1611
9162
7938
2029
4525
3503
2414
45
9489
3796
5958
7040
2067
691
4054
2331
6168
8758
5404
6734
4118
6115
4662
1740
7835
5337
7844
5507
4830
2158
3709
7227
8563
2852
5886
7706
8163
3892
4271
4140
5337
5609
4666
4403
7366
2912
3067
1540
8425
492
345
6884
6690
8265
729
6914
9697
4019
1826
4489
374
9717
6973
9043
1917
1344
4402
7801
7430
4733
7630
2635
6242
6339
8981
3366
7161
7365
8760
342
6271
2003
4733
5576
3223
8142
5886
3349
6075
9240
7590
7248
328
8205
1834
5289
828
2461
6627
8752
335
5408
9293
7763
9750
9977
3435
3783
3172
7764
3357
2616
5988
8210
6688
4137
8078
7384
5380
5463
5108
2311
2282
3173
1869
3593
3157
8153
1383
4767
5847
3600
9712
8576
4143
5384
2235
6939
2657
844
5708
7993
9711
6701
9390
1436
3014
2281
6936
3421
6843
9852
5337
348
1366
3384
2029
5144
1438
1110
2551
3787
4962
2250
1385
7446
17
1267
9718
5096
7020
6038
633
9954
4406
4403
8781
6263
2780
2784
5588
3157
9446
1841
6491
8642
8239
1601
9755
1678
4818
4245
9860
7280
5961
4970
2718
269
2202
2802
4379
5977
7437
1740
1833
8595
1084
3828
8889
7282
4662
9735
2414
2409
8455
5372
5134
1012
4402
2311
1485
9182
1540
1499
6271
4130
6907
4301
6997
14
1385
2515
2242
5255
9823
6447
6843
8593
4506
1303
9755
9597
9491
483
6946
7343
7145
8370
1342
2357
6605
6616
9229
2798
9227
397
4508
4671
8144
2721
4749
4322
9562
5192
6115
7211
8269
6477
1253
1493
1198
1795
748
4084
4155
5278
3030
1557
1990
4927
3410
3154
1474
9326
211
3709
3672
3718
1492
1562
5757
2940
1917
2104
3098
9717
8669
8455
1816
561
792
1118
8511
9637
6313
5011
5891
8917
7155
4595
7270
7038
3098
8942
7365
2331
8684
7828
3496
7701
6434
8816
4072
234
1391
7454
2550
3438
6111
9484
5958
1950
762
6787
5210
4866
5746
9271
811
2443
641
6939
9844
1202
6192
4791
3549
5144
2335
5962
5884
1038
3378
7450
8505
2543
4155
345
9709
8021
7696
2907
4525
151
6011
132
6477
7596
4148
9193
6250
3346
3672
3452
8665
6482
4109
8782
4785
6333
3469
5280
3471
1703
6609
9193
5034
8999
81
4180
6946
6938
2952
9462
4304
7932
7741
7127
7396
7823
5898
4375
8778
996
4340
8260
6307
9354
3787
8470
7182
1202
2406
6563
478
9879
1320
815
1118
5066
6351
1550
3430
1634
9036
3871
3418
1957
3044
5034
2023
9896
6186
9977
614
8210
2346
3388
9220
4644
8075
4180
2552
4685
2598
5544
2111
4477
1724
3638
9076
7665
2279
4619
38
9813
1027
8216
8162
9162
7282
8314
4313
6786
6168
3580
1816
7609
2436
8282
8161
3855
211
3231
5659
1346
6075
3906
210
5865
9333
9352
1568
8271
1894
6379
3172
6959
1391
8803
9186
4701
4238
2242
4647
7290
7939
2898
1016
9240
5704
3877
6824
4767
3104
1309
6745
4666
8803
2093
5498
2292
3638
2291
7402
6280
6307
4162
3751
3473
5021
2780
4962
1391
8917
5732
7441
3958
2347
1507
6161
8599
6890
8569
5289
9562
8425
2267
415
9730
8021
5359
1656
8816
1841
5858
2979
9624
5968
4412
5809
5624
6011
5338
6374
8563
6721
3148
3736
7426
6554
4783
98
2420
6594
7986
682
4407
6579
2552
5996
6661
1021
6709
7387
5999
2513
7183
9954
7155
6868
2638
7576
5579
9641
4561
6189
1193
1226
8576
8369
1073
9879
7701
1042
836
8773
37
8914
7151
5228
4110
1951
2733
157
8576
5917
391
3311
5809
9069
9353
4578
9383
4706
6478
8669
9708
6528
2952
3732
7823
3404
1290
5707
2259
2570
3558
2388
4749
2363
3093
2339
6991
2786
8488
9712
7844
8196
9352
3219
1120
8357
9017
1568
8539
8885
7897
5081
4802
3190
1557
5681
5908
3257
7669
8015
9227
4791
4110
4386
4483
9526
7391
6673
6730
4665
8894
7799
3346
6852
8637
2204
872
6627
1113
8549
4882
8590
8901
7925
1597
874
4055
1666
7538
4340
1042
5614
1438
8966
5716
2783
2998
6401
8448
4790
3060
7706
5493
9076
8868
1254
7763
2334
1492
9161
2235
4177
6870
4143
8271
4820
8514
2406
6701
6447
4072
6270
8665
2434
8850
1293
4757
4493
2841
7364
4668
2260
4054
5927
4940
2979
1741
7406
1787
5600
5316
9187
1197
7925
9891
2518
2105
7186
4645
1526
2304
706
6723
7932
3569
6045
8773
8505
6690
1113
6351
9526
2583
7094
7291
3828
5958
5755
3370
729
1346
5907
2906
729
2078
4968
5576
3877
2007
9721
1188
9105
6628
151
7451
2350
5907
8166
5886
9168
7777
3356
102
4623
8637
5844
1353
4583
6199
7703
5927
424
1157
2358
710
7049
8974
6289
2683
3014
4724
5861
1606
2215
6596
1071
1807
3131
6040
4313
4418
691
7858
8995
8914
3606
1924
2311
7248
2694
9631
2594
9102
7802
7441
4921
4188
2802
5602
5558
5817
7669
1812
3174
5741
8713
4177
4470
7673
1540
7163
3033
8226
1911
6259
553
9245
8379
691
7764
5549
7734
7417
9227
1957
6373
7338
7624
807
4425
1785
6579
4678
8947
8905
3875
2136
5435
3820
7227
9127
7598
6850
9511
437
5659
9777
9394
8946
4386
9408
3718
5998
5001
8436
7884
221
342
1804
9879
1165
5463
1732
4557
3755
2122
8162
980
7718
5688
2380
5130
8254
9409
7598
7580
3306
2738
8223
1193
2834
7052
4072
1501
5757
8254
2076
3602
3703
3906
30
9127
2657
1749
9547
3995
9711
9554
765
6937
7417
6208
4509
1255
2551
7986
8865
5267
2259
336
4099
822
4830
642
5822
5857
3866
822
4608
1540
1350
942
5960
4565
8065
889
633
4412
8685
8226
8320
9618
4678
1746
271
2974
8377
4140
6379
8345
1571
4741
2526
2638
9608
3018
3384
5272
7971
3803
2939
523
7295
5957
9665
3588
8476
9290
1034
3982
6767
3995
3787
4680
7801
9354
7764
3751
3755
9511
745
262
6671
3040
4619
2190
8715
4784
5373
9785
7966
6187
5649
6416
6491
2887
8153
9168
5526
4724
49
6376
5624
2250
7438
9203
8156
4644
9485
7598
2649
9468
5091
5708
9138
4148
7437
7698
6381
2567
8723
4285
3962
2150
5690
8713
683
5380
6699
4909
4721
5002
1374
9105
5891
5681
811
5002
6946
1601
8561
874
3967
6688
7122
6625
4784
2388
2517
4820
6335
2880
8416
37
2029
1340
1510
121
1034
736
7971
4321
3120
4855
2874
143
7538
9934
9017
6566
1098
4376
2461
3471
3983
9485
7406
5442
5196
1841
2626
1611
7661
8240
9807
5870
2357
5954
5754
7652
2432
783
9408
1966
8101
9415
9870
7446
1763
3720
2897
889
5861
9549
8868
5271
4322
4786
2784
6264
5356
5272
385
2093
6196
6272
4701
5716
48
3962
2281
3549
8416
3684
6956
4974
9245
5913
4884
8847
2829
2897
9983
6280
1340
7034
1155
4108
9230
5085
6710
9778
3711
6788
738
9828
8999
237
6199
2185
749
5289
1705
6755
1025
5173
9547
6689
6699
9491
2279
5861
6786
6471
561
8063
9763
7639
9735
8065
2735
4246
1591
8914
2552
2515
4412
7014
4195
6186
7206
7936
1026
6339
3251
6115
3438
4909
1352
619
4054
1427
1191
4536
1595
7401
7093
2619
6380
6380
3606
8850
4477
1414
4402
513
6850
7466
7170
9935
7696
1084
649
262
4406
6412
6094
8155
2274
3496
2432
9415
6893
609
8561
7396
8063
9900
2394
5908
3949
9050
6160
7290
571
1340
1831
6271
6335
4974
9769
4767
2394
7360
5746
7246
4985
8846
3257
6378
3182
3370
4099
3282
738
1193
9151
5954
5182
4785
2383
8947
5861
9688
6379
2144
4855
3080
1852
2583
649
6320
1594
3593
9930
313
2346
4574
1826
3376
4246
1935
9220
9236
9900
6893
2164
4145
7791
2078
1165
666
6703
4552
9034
649
6115
5181
2282
224
5151
6367
864
9394
4595
4792
6320
7383
478
8917
8540
385
8545
5604
3113
9187
6967
6478
6296
2469
9910
904
2066
1705
6559
8144
6186
6734
1382
3938
4971
8210
2893
5807
822
7938
890
4783
3774
4259
4895
9697
1807
4674
4118
8166
2116
8276
3989
424
890
8320
4665
1787
390
9422
5359
9842
3281
6165
4177
36
1763
2657
4195
5827
2513
3762
3190
1342
7426
3131
30
4865
1365
4444
3366
1165
7595
1360
1807
4985
4705
3764
4705
614
1320
9813
2397
6921
604
5807
5311
8917
4796
6297
4160
4137
582
3298
8727
678
2771
5626
7509
1464
930
7179
2090
4459
9709
5732
2027
3393
7031
50
1352
6437
7031
4292
3006
1619
8370
6165
1171
1924
5011
7287
6868
6502
8444
7448
3006
9778
2964
7595
4176
5507
8672
2974
8161
4246
5108
1298
3388
4324
4084
6673
1705
2465
4671
692
8744
4757
293
131
2414
3282
989
6280
3811
8641
174
3033
9711
351
5549
7149
7630
8265
8234
8719
4508
2290
5755
2235
6017
4970
9138
8287
6643
1703
2732
1550
8727
446
1188
6380
7837
1634
2858
6951
7696
1602
7441
5272
1021
6551
1499
3811
6628
4406
5330
5858
8039
5138
9891
1255
4791
3609
6579
9173
3549
3104
9611
565
1493
8166
4731
5579
6946
5526
9412
3469
1903
2772
5746
1667
6389
5507
2980
1653
751
4454
2870
7557
1440
561
1021
4492
1058
3526
446
6196
6539
3169
4084
2239
6331
7381
2660
6764
2616
448
7828
2009
7977
7727
9125
1344
5774
2759
3492
211
6271
9540
1058
1448
5316
4093
7734
3460
7454
1148
604
9755
2595
2616
7993
4875
2023
5741
4188
3741
5865
9554
1027
4145
5733
2143
2540
7813
2666
5731
6297
4556
5138
1867
8946
1303
8471
2887
1935
3241
9795
4508
1574
8937
2791
963
2063
8095
3959
1061
7194
2642
1572
5470
2122
8488
508
6914
366
8702
6335
9310
4109
1510
7718
2415
3030
2638
7396
2572
5998
4459
9775
2020
550
6040
3051
8232
3600
6270
3280
9526
4879
1954
6764
8156
7052
2678
5631
3731
2143
7777
8344
4671
4875
1003
4265
5891
6684
9193
6676
5615
1656
353
7387
2067
1540
4962
8234
3616
3956
6189
792
5884
4785
7993
5898
4777
3548
7673
1421
6815
9463
6588
8612
4561
3336
1462
1785
6609
9025
3834
1336
5544
6689
7876
3205
6843
7003
121
7378
5331
5732
4483
6966
1357
7014
2511
8239
7849
4349
8126
8307
3157
6643
493
1414
6626
5913
8816
3734
2240
374
4802
2697
132
5645
2474
3935
8710
2694
6189
132
6780
5006
9718
2840
3412
6237
1507
9654
1677
6189
7433
4271
642
8163
7205
1462
8693
1231
4282
6921
1867
8511
225
7791
5957
4674
9562
8444
3987
3452
1293
7677
942
4366
3906
2649
8595
2532
7612
1436
9246
1562
7537
6596
2358
3588
2678
1749
4324
889
2009
8153
749
4559
1317
2780
4786
3834
3317
1826
8390
8566
4552
6046
4492
4701
3313
3282
6781
1663
8590
6687
2291
7466
7343
9208
7383
1121
2105
6187
9161
3030
9310
5609
4194
4271
9421
7925
4099
5134
7064
2732
6699
5631
7095
1582
4313
5999
5996
4137
6246
4574
1021
8684
5547
9229
2339
2257
4076
5435
8282
6137
8896
7925
8429
4428
6734
2887
6478
6289
4246
3709
3169
2834
6594
2090
1867
4536
8846
5858
3456
7365
5081
5732
4666
9123
2388
7341
1411
2063
3510
8841
3471
7538
513
3104
270
7344
8546
6907
9790
1003
8402
5311
3335
2723
5596
16
4866
4557
1506
9595
7441
7052
4402
8889
9149
8082
7996
2616
836
5006
3006
5901
7384
1178
8981
3545
6491
4366
8224
1255
7052
1171
3335
9987
8276
7478
8295
565
828
4647
7020
4000
8833
5359
9708
7383
7052
4775
7381
738
8071
9035
8345
7607
2498
3169
4775
2256
2517
5106
3938
7850
228
9138
1012
6956
5831
4176
2007
3996
7672
2944
7360
8868
9102
4970
4292
6381
1205
3251
3994
374
8592
8448
609
3395
3117
9242
8539
5007
8470
6367
7563
2774
3370
1663
8226
2838
8514
2011
5960
3421
8800
7009
9595
16
8692
6246
8856
2600
4644
1231
268
8202
2150
3460
7791
6525
3059
9353
9754
5543
3717
5470
4783
7763
4796
6563
745
8039
5585
2511
7681
7401
2733
9631
9840
4265
9631
9209
6674
5192
3558
6687
1493
7280
5330
8630
9595
385
1705
1902
4000
2347
166
7537
7064
438
9554
215
7752
4583
7580
1653
7612
166
7913
2022
3479
8102
613
2807
6043
3317
7391
1875
3717
3865
7466
4680
1704
7426
1148
4285
1073
7005
2735
2290
2436
5614
4121
1016
1789
9035
7907
874
8885
8126
1160
7669
930
2898
5884
2772
5263
291
2589
3479
4148
5338
5462
188
6936
1
8019
6259
3051
2159
3938
5278
634
4396
3067
1120
1121
1594
2543
9242
5210
1113
1625
1192
9895
2164
119
2020
6379
8946
8637
2736
5954
3410
4506
9067
3315
9987
8383
4118
1120
2216
879
2594
7681
2874
9146
5043
6045
7596
1941
8356
8202
2330
3221
872
275
783
5561
6186
4493
2662
4297
4623
6870
9236
915
2961
255
2508
6703
6434
7996
2657
9269
508
2952
4462
8781
4970
6623
3356
9295
5954
9860
1155
633
4107
8845
9462
1357
4792
4118
3006
1027
7153
3298
151
4525
6037
2259
613
1602
7939
6588
4328
783
8973
1514
2109
16
4559
8063
6884
2010
234
8641
6937
1434
6938
2383
9105
8210
1366
7346
6938
3751
1173
6502
7450
8566
1787
3548
7295
740
1594
2657
5085
4790
1276
6234
5895
5704
7727
3227
3994
17
2802
3241
9293
4396
8702
5149
4418
792
5021
5614
9333
4786
6879
2235
5439
1875
1098
4296
5329
5907
4477
1173
5561
3280
6017
3241
904
3746
9540
4170
8758
5317
8078
1164
9828
6577
1894
3828
2961
5600
6083
3173
8365
5645
4076
7020
7661
9332
93
8642
8488
3967
3962
6723
2660
4282
4162
2078
2649
5144
9345
6767
9287
8239
3774
4838
8970
1755
9717
6528
3618
9891
2143
5262
6270
391
2783
1921
9162
7837
4574
3754
6196
9560
4619
8865
5432
6954
6234
1416
1917
7437
4559
3213
5975
815
5971
8161
7563
9675
2695
8059
592
59
4786
5671
1353
2733
9513
4371
9720
6648
8161
4142
9394
6052
805
7031
2502
8782
3435
4506
828
2858
9853
3108
9128
3057
1155
4000
3366
2240
9413
4713
4489
8295
7977
8078
4229
8894
3839
1172
9943
2684
6096
2906
7416
6257
8093
9287
8019
2022
7185
5278
8910
7604
4026
9763
1225
1831
9092
9226
539
7430
3366
7891
7198
550
7157
2926
3274
5430
7163
6052
9828
4174
2066
1276
7186
372
8093
4749
6663
7093
8224
2598
5210
3711
2737
2551
4091
6447
3281
3227
8082
3838
1434
459
8778
7748
345
7185
9769
2113
8561
293
6673
7127
7211
3754
2332
7791
9870
1925
9390
3355
3820
1571
6459
4091
7437
1383
7171
6203
8532
1618
5034
5671
5260
6052
1582
4140
3410
9542
5380
3317
8546
5185
8894
2185
2304
3646
3356
24
1842
1290
1954
1038
268
3469
9538
353
6360
666
2159
6999
4130
3717
6339
4177
255
1058
7396
4301
4390
690
9017
7402
30
6222
9383
6730
6921
3093
5547
4184
6043
4875
2624
9034
1501
8710
1034
8075
6437
826
4170
6270
2434
8454
3412
4026
3746
8266
3526
6073
1436
2532
8966
3219
6502
4076
42
2260
2469
6596
9730
8402
3057
8719
4271
4968
5085
8760
1121
3314
9954
4421
9697
7938
5535
2041
2143
2961
1276
9271
7031
3828
7998
1386
1176
4016
1834
729
5020
8108
8155
7801
7557
6024
9128
2678
5604
1850
5387
7698
3106
42
174
2517
9069
5280
8981
8974
7450
8344
3274
36
4026
9085
4775
48
9317
3949
6873
339
3317
7291
5144
1440
9703
7438
8063
6208
2133
8889
2847
7366
4410
5398
7366
6190
1957
6469
920
5511
5329
437
5108
6954
4016
3272
1724
3381
1718
9809
4231
9675
7652
8287
2870
1634
1067
2009
9641
3600
4292
48
7171
8108
1350
2206
1625
3971
1305
8569
3048
9740
7430
915
3074
7344
6040
5615
8210
6307
7907
5784
7604
9890
3173
8205
2733
740
16
8049
9148
9025
2687
2010
4238
9328
4403
6539
8901
1606
6307
2334
7996
7907
4777
5884
1633
1677
8260
9123
14
2718
2067
7683
5758
372
2350
6941
3746
7157
5544
8321
4352
9353
2784
6967
2798
6852
4245
1859
2912
4459
9483
4379
2684
5687
4674
9538
9517
2807
5774
9618
6263
3038
2572
1016
9129
3989
8150
8265
1705
4662
3355
3548
2215
7986
6525
3342
6674
93
5511
8719
5704
1618
9755
5271
3892
6525
9368
2414
7741
7706
6528
5182
4093
3231
5847
6488
2840
3616
8846
1042
550
460
2653
5043
4971
6616
7936
6430
561
6893
3418
6605
9148
9368
358
6966
1954
8752
9439
9050
9645
7093
8436
9351
2783
1911
9484
215
424
2373
2506
8692
949
9490
2697
9807
335
4547
1026
49
166
7863
9542
9935
2434
6730
1741
6203
1163
50
8630
8937
9720
2190
446
7171
5561
5960
4769
8782
5398
8862
335
5649
5210
8095
7020
6192
3014
2358
3336
5847
5690
9366
3851
4462
3755
4360
6389
3314
1427
6321
2926
2377
5883
2964
9123
1844
3282
4957
7448
8269
7227
1746
5317
5561
5861
3473
1833
4297
5031
1678
8744
1113
8713
3654
9036
6160
6208
822
6313
7669
9146
2736
2159
7630
2926
5493
8518
7291
1771
565
1902
2595
5274
3591
815
2282
3892
1687
8174
4412
2111
9933
1718
2158
7795
5330
2420
6525
6491
3803
5707
2526
3971
9193
7161
225
6272
8693
5901
7844
5733
5741
5999
1254
4026
7381
2122
8590
4210
2377
7282
2334
2148
8727
3987
7876
2406
6360
50
5173
2939
811
3617
5492
9854
7406
4549
1246
7612
5493
1026
9242
6137
459
7849
9844
2020
9807
6401
9933
4884
4470
1859
7433
3430
804
6488
3846
7478
6745
5129
6907
8471
4407
7170
8549
6309
2834
4139
2067
4757
4791
5681
2420
4301
1037
5784
745
313
8642
5962
592
5020
7835
2593
7445
9512
7913
2202
5971
2273
5196
3866
2666
2553
8075
6868
6381
8059
37
6576
4380
4231
2540
9645
7346
6057
6037
3342
8595
7401
9128
4971
8685
1366
4889
3418
2167
9366
4375
1440
7282
8174
5659
6671
4418
9130
2335
4733
4406
3783
8999
6222
3059
3987
6816
188
7544
1225
7404
3938
1374
1305
6389
6648
5789
4518
5831
1067
9352
4184
3868
5002
6588
4297
804
3104
6609
4493
9408
9711
4608
9422
9720
6832
3703
6939
9130
8156
1148
6192
1008
6591
2109
3989
2847
3908
9470
5181
6616
9383
4425
657
1021
2870
366
8889
1562
1749
9290
1678
2104
1807
8357
313
1678
5535
8760
4900
2135
7338
3051
3823
9483
7198
4665
8160
7698
119
3978
1572
6052
3522
3580
3346
9333
7433
5373
690
3311
6734
5398
2202
6884
336
3272
3083
6160
5263
3856
1867
9271
3456
2583
6183
4118
9246
1718
6234
1888
8357
3868
8396
2633
1924
6967
915
4819
5196
2292
2164
9287
160
4188
5957
3591
6879
7450
1994
2690
6353
8160
9721
6890
6448
5905
3435
2819
1383
1994
1225
119
2759
188
478
1342
7206
6767
2944
7445
5585
2222
5267
1633
3213
6780
3855
1877
9151
424
3311
2135
4941
5733
1309
1812
2840
5149
8744
3526
6941
3231
6445
3068
5066
765
3311
6046
9368
5001
4006
1336
5858
592
9815
8649
8205
2292
6661
3148
1391
8729
7590
6807
9290
690
5000
4231
2020
300
8202
9017
5970
3221
815
9127
3471
3765
7534
3048
4865
5244
5463
8356
81
9645
6788
9269
3987
2653
1518
8595
476
6687
9597
9735
1413
8995
2429
6551
2153
6378
2148
1816
2105
1834
6625
9703
2666
1941
1320
992
7085
8729
7966
4245
4380
3994
4818
269
9416
9853
942
7211
8365
6434
984
6046
3227
7451
3981
7446
4757
8416
8637
8621
6380
7177
4645
9763
5311
4327
604
996
3098
2835
1254
9182
7609
3956
4962
7966
7478
8377
1510
8715
1877
5688
904
56
3384
6937
286
9218
7590
1990
9840
7185
6966
623
672
6389
4336
4110
2465
38
6937
7387
2067
6045
7595
4492
6888
9284
6939
5542
3074
8917
8071
6923
7884
2697
2952
7194
6208
7437
3613
8377
9240
6289
5962
7151
1249
513
4968
8428
483
2634
8576
6888
81
3006
4644
5185
265
5435
7802
9778
5091
4786
5827
6688
4595
6024
2660
3015
1663
30
1841
5687
6802
5145
6893
8201
8000
8201
8572
9105
4933
4556
6168
4933
2927
9618
5983
9685
7341
5330
8418
7466
8416
9463
5462
8142
5626
5372
4757
1902
3956
1231
844
9637
2267
9043
7683
6222
4098
1293
6485
2259
5387
4376
3384
1574
6709
2721
2010
2723
9823
4140
9422
5937
157
2693
2090
9900
3544
2041
9025
8665
3067
3646
3554
7977
1990
2266
9043
38
4034
5535
6774
4108
7544
805
5187
3117
6362
4705
188
658
2007
9665
3399
4210
8692
4146
3840
9754
5961
6805
16
5758
7205
3875
6207
6576
736
7239
478
6502
6137
1226
7145
2763
879
1570
4194
6482
5755
2880
2122
6073
4139
3569
3554
8852
3851
1462
5398
6684
7993
9229
4264
5000
6956
9412
6815
3378
2281
2346
1746
2524
7182
804
872
9328
7085
3866
6579
2923
1514
5857
6280
7752
1571
3593
5492
4483
5865
3306
4645
5731
9208
5731
5380
1344
8287
2311
4174
8142
3711
1026
2506
5708
2732
4921
5999
9416
8723
2222
4580
918
6272
3058
1225
2521
4322
441
942
9895
2093
8174
2974
2339
2153
7537
1508
7764
3083
9803
9613
2739
7161
6890
3865
4195
4923
6362
174
2358
1
26
3955
1198
8539
4121
7901
7590
6807
8612
7344
8358
3606
5687
2791
3703
1631
1071
9412
493
9853
4412
4819
3545
4879
2614
2498
6873
4889
8369
8979
1875
4081
2099
4645
2469
644
1290
3983
2029
8592
992
751
6807
7777
2513
7280
6263
9203
815
9246
7205
9685
9088
2678
7246
5857
2501
424
1266
1225
6954
2634
8298
1008
1950
3020
2540
8896
1025
8470
1667
9712
6723
7186
1448
7304
3040
4900
9807
2912
7936
5415
1633
2148
17
8514
36
3190
56
9815
2518
2998
7975
3613
6797
6605
3709
2332
8591
7748
3262
710
2167
8071
8713
8429
672
9412
3281
6563
1188
6187
9685
8910
8642
992
5672
9490
3981
2250
9697
4084
1902
657
7151
1267
2093
920
8471
5970
1869
1611
2410
9641
4670
672
1526
3765
1027
6868
7094
284
4713
5917
9542
2570
3856
3038
7147
6416
7630
9943
1474
6873
8868
3754
4444
1067
9208
2027
6083
8545
9077
6566
3376
9987
8358
1950
5356
3509
6373
8454
7289
4838
1336
2635
1666
4518
8561
9468
1160
2593
8525
6991
1618
9168
8781
5690
3711
8108
3469
1863
8321
8532
9943
2508
8845
7734
9146
468
8689
805
8455
9034
6038
3982
3148
37
5962
8171
5373
1353
8161
9778
3040
56
5968
3349
3537
1741
5007
8205
5237
6360
3741
8753
3280
3117
8436
1164
6743
3796
5311
6331
4875
2164
6412
2723
98
3672
7665
4909
9203
2526
4784
9246
7624
6577
5977
4034
5482
6649
9055
4713
2694
9750
8095
3981
5917
8224
6655
7094
8425
3549
5031
2342
1172
1591
2185
3272
3995
3537
2429
7117
2257
385
3765
6591
2250
1816
5988
2774
8390
228
2861
2718
682
7557
2829
3596
1042
9484
3404
1171
7127
8358
1601
2077
9044
1421
4785
1110
1741
5817
4140
889
6676
6951
7547
582
9940
1789
7873
9740
5817
2893
4557
3014
3421
2735
6802
8590
4379
2436
7986
1034
5442
4725
4733
9421
1110
9940
2373
2380
3172
6984
6594
1366
3839
3503
2332
6137
6362
8979
7752
4608
4895
7384
9413
8974
6605
6309
9977
255
4731
890
4884
9187
7624
6445
3616
8150
3825
4866
1355
6471
2852
6815
9220
613
8448
1869
2600
8039
8723
4352
2906
9326
1160
6976
7681
262
5927
237
6626
8156
890
3154
4647
9271
4985
265
2022
4011
634
1772
7149
6802
807
1178
2532
7557
3154
4619
920
4927
492
3554
5998
6576
3274
8169
102
6850
4034
9852
6280
3221
9936
3174
4565
24
8689
6163
8593
8260
5672
3068
802
4145
5373
2104
2718
1293
1254
5754
3736
8781
1572
8260
6685
2861
1826
7901
1568
2898
8905
2158
2521
9763
6043
2784
1804
42
6921
3395
9795
1850
4454
9790
9935
7748
4304
6999
8540
7718
8269
2357
5970
3983
132
8872
7005
5173
6296
4705
1037
5507
3393
5244
3732
3971
3823
2342
3509
1165
8758
2540
225
7378
3381
5884
1266
8470
8172
7612
2619
2109
3764
6024
1562
6708
8753
2330
2290
1951
523
224
6263
7338
6376
9035
864
4366
3736
9203
4076
2552
1903
3684
2739
1365
3720
5359
8545
4176
9490
879
4340
2732
4324
2099
4608
565
1121
6309
4749
9803
9542
5404
9735
9783
7563
3591
9709
6676
2397
5845
6873
8357
7974
5384
3241
9499
6183
7153
7095
762
3440
1513
2858
5857
6203
4670
4900
5588
634
8937
3908
6083
3971
5600
6263
9597
5432
1924
5970
738
1557
6416
2136
5688
4717
7835
8396
6165
3825
2105
9549
8895
2532
9125
4685
6879
1386
3503
5907
3349
3399
4985
1023
1157
9336
3057
8638
4407
5151
1485
6956
2721
2880
4321
8298
4177
3435
415
5274
6797
2206
7346
9597
8803
6890
2933
7849
2343
5971
6163
9708
3734
1741
4180
3157
2653
2113
1844
4238
17
4375
5398
1073
2392
2819
1966
3646
8885
7492
7009
3547
2841
17
8641
5732
1061
6559
3435
1619
5774
7677
4210
3983
3469
9125
4879
4539
7727
8150
7387
7554
3298
5845
6708
6755
5615
9226
3172
1360
4008
4444
1436
6649
8744
3846
8232
9540
4229
6781
8693
6941
1193
2955
6596
5576
7089
9511
4941
6416
8591
9562
4721
2436
7304
7450
6059
2041
9184
4428
2392
5547
3764
7295
4889
4838
49
7246
9394
1374
2373
1365
5316
8593
8365
6984
9088
7381
6805
5937
7873
1966
8126
1833
5883
335
6786
3251
8196
6257
1198
1357
8895
7364
6563
6755
5507
5384
8169
513
2550
5187
1163
8693
2791
4470
1882
8979
5034
8816
2829
2553
8018
1570
9127
1903
2010
9777
371
9940
4167
5237
7151
3381
8202
8660
6309
9718
8049
9240
3731
2693
210
5757
8416
2357
678
9353
4717
1340
740
4761
3117
2838
1440
6554
2786
4830
6469
371
1396
5271
1850
8529
5672
6674
1941
3710
4889
9631
8778
4210
8320
4160
9146
1659
1656
6477
7094
9242
9943
8295
1903
9844
678
9934
9934
3393
8095
5181
6626
5498
8383
4665
6469
3783
989
7849
4838
1966
4674
864
710
3955
9613
8345
2122
5983
3336
7595
9468
5626
7153
836
1434
4306
2236
3811
3593
2498
9351
523
7163
415
6884
844
6111
8295
3262
9665
6339
4219
2819
1413
3509
980
671
4777
468
2695
3272
7179
5596
3206
2256
5967
3559
6313
3058
1508
4143
3399
3173
2874
4245
7094
9130
3014
5624
751
9036
9499
415
4559
6043
3342
8806
7183
3378
3949
2153
2414
7752
3839
7901
6539
5011
2718
6699
3488
1342
6037
545
8946
8454
3959
6870
623
5961
2721
2961
8049
157
745
9489
2167
8511
119
9042
291
8018
6661
4304
358
996
1267
6376
2350
7612
9336
8276
7938
8108
9245
5442
2432
5430
4107
8901
6749
8612
7673
1693
9542
642
4296
4790
5360
1305
1732
7741
9177
4459
1438
3625
255
4492
9675
4142
271
5631
437
1510
2077
9754
6339
9815
4855
8018
5895
1163
3606
6111
6824
6676
4265
8689
6478
5511
1320
6246
366
9151
1202
6936
9785
9709
2256
390
6158
7932
4011
2227
3338
3938
4352
5905
7122
6360
2078
1044
5356
2153
342
5263
6335
1003
3732
9290
7014
7837
6628
3038
8162
8800
1414
1346
7547
1246
6689
2870
3558
2242
762
3783
2470
4595
4733
3823
8022
751
459
3257
836
2332
2377
342
3871
4892
9730
9717
7441
5844
9095
2432
5237
5671
7609
1253
9383
5305
7304
3834
265
3522
7669
6448
3995
328
8020
2202
6026
7304
119
1253
2835
1951
2780
5108
4100
4592
5134
7446
879
1355
5129
6158
4592
6745
2011
3317
4940
5870
1917
623
9269
1667
9128
1474
9209
6566
672
8806
2259
2633
8685
9552
9852
7547
3488
5187
1841
2772
5758
6560
6767
1591
8049
3182
7445
2944
3172
8022
5415
527
7341
3058
1667
7448
3131
613
915
7901
7463
7346
9332
8525
9823
6094
5649
6770
1518
4139
4583
4145
2861
7182
2893
2589
6973
4462
2007
8710
6307
6984
1921
8569
8895
6416
2593
1795
2331
8232
9408
1267
1833
7034
3106
2624
6703
4098
2383
557
4421
9895
7466
692
7623
7009
2111
1618
9186
7617
5329
5184
9930
2109
8448
9777
4271
2697
2933
5508
9618
7901
1416
8856
9489
1611
8540
4923
553
2343
5272
2501
9936
7703
3131
59
7639
6539
2506
7448
4100
7343
6190
9227
7802
2690
9654
2394
5543
4957
7391
3989
2470
9896
4076
1740
765
1488
3544
5432
4741
7095
5741
3068
4820
8850
459
6313
8314
1157
483
8418
5329
7607
666
9368
1667
6560
634
6297
1921
1877
6663
6183
7389
3748
5542
9854
9102
1434
3838
4462
4264
1763
7701
2614
3399
1008
9295
6374
710
8307
4884
4142
7280
5643
3962
6770
1570
5184
5814
8174
3336
2266
5688
7117
1157
4238
765
2339
6832
438
4195
7580
3544
641
4974
8239
9085
6222
802
2502
5228
5187
5066
5865
3044
1427
7808
5937
7697
1012
9790
6616
2684
2738
1249
8321
4536
6353
6096
6017
9688
7630
7534
1342
7451
3038
5415
5470
9043
4454
3588
9293
2998
9547
9017
2227
1807
9489
6045
4970
5588
2622
2335
4000
4775
48
56
4830
3654
9128
7127
284
2771
8621
1352
6485
293
5228
1795
3609
5789
2683
21
2684
4081
9483
6609
8806
6936
211
2461
5463
4592
1507
2737
3311
391
4444
6250
9332
1253
6937
9413
8752
4019
4301
9446
5857
4536
3020
8201
3015
8436
151
2572
3846
9720
157
1653
5757
1474
5462
7828
8021
7835
6434
3410
4560
8428
5827
9218
3866
1226
9390
5971
7038
9708
483
513
5762
5430
9446
5535
1527
8852
9930
6289
8377
770
8000
7823
5708
3148
3313
9208
1850
6755
3600
9123
2076
8729
6485
8015
7404
2394
9287
4011
390
6559
7492
5130
7971
1246
4160
5255
5831
8999
460
826
7063
2656
397
7206
6059
1746
890
8265
6362
9840
6997
2567
2614
7291
3593
2635
5185
8739
4282
2429
6787
2626
3606
6797
4509
5809
8973
9954
59
2281
7095
8638
8872
5975
6588
4662
9148
9353
7897
7341
1889
4259
5831
4518
4380
9783
5704
8234
7623
8641
8298
4553
4155
8342
1317
4296
1044
7402
8276
6576
3908
225
268
949
3262
4927
4170
3038
3762
4245
1462
3298
2974
6907
9730
3479
237
1721
8342
672
1290
2827
234
6786
6997
662
4783
7064
3710
9043
2736
7153
9815
1366
7383
7580
9675
4327
1266
4016
6921
9218
3774
9446
441
4264
5470
6471
9366
9236
8095
8071
8390
345
2159
9187
5521
7040
9470
5305
9933
4054
8729
2388
166
2532
2614
286
2567
7813
591
3370
2461
2687
9333
682
2595
7291
8369
5809
5822
2638
6165
3018
3219
8015
372
3547
5145
7661
7401
1718
8144
5549
4100
7598
1069
3703
3754
2979
8240
1067
9076
9624
5521
2190
3059
4574
6671
5442
949
7063
4724
1816
9229
8049
8773
4292
1493
6488
2622
8995
1582
8428
9711
7595
9055
4061
4895
2150
492
1804
8630
8166
2694
5690
4396
5645
5624
5977
1499
872
3609
9552
7155
545
9860
9290
9462
4340
8448
1594
5274
9148
508
4055
9540
3877
21
5814
4875
6938
460
4349
7115
1508
4137
918
3106
7529
4556
4328
3313
6764
3157
460
6320
8269
9184
2342
3315
9795
2829
1877
2874
4121
1178
7463
749
5081
3871
4287
174
9345
9664
2133
2015
8022
2185
1044
56
9795
7289
1957
1344
2077
3080
3206
6412
7639
4553
783
7734
3314
8693
1396
7289
9284
7617
2159
1842
5244
8205
6242
3051
3108
4146
9409
9777
4336
2292
9664
3074
1842
2759
7734
4940
7977
8307
2206
1687
5356
151
8365
1385
4761
3120
6057
6434
9613
7185
7609
915
7791
106
1098
3811
7194
644
1188
1894
2406
4379
762
553
4549
2027
9552
1842
302
5579
345
7703
6331
8739
2039
6623
762
9769
619
1360
4895
7683
1574
4556
4180
6111
4167
1889
7703
366
7604
9182
1034
5731
2656
5289
5278
4390
3355
649
270
8171
2624
5187
2022
1834
1353
9182
6272
1889
3741
5615
5066
6781
4818
3040
8739
930
3995
5609
4489
2852
6588
1016
4143
1746
3871
8171
604
4666
9624
5672
5482
3020
6505
6648
4108
4006
9159
4121
6673
5600
2076
2616
8059
8488
5937
9416
2684
9055
5758
9421
270
132
619
1352
8649
438
7170
4098
7808
4725
7741
5149
5907
9977
6222
740
9177
9236
5967
4259
9409
2517
4061
5011
211
6663
9408
2498
3315
4761
8021
6788
3956
8852
2974
9149
5393
5482
5031
682
9105
804
7835
4670
1171
3473
8719
4229
9025
6505
5387
6378
6296
8894
9148
2282
1485
5007
5895
8710
6976
7701
3820
1157
4061
8850
2304
7211
4565
6788
9910
2683
6616
9517
4142
5338
5130
9637
5508
6314
4061
738
9034
9795
397
1597
1602
7554
3838
3823
8778
3971
6447
1118
2343
992
8071
4091
3315
7205
6649
2887
3717
7802
777
2392
4578
5274
2515
3404
3554
7045
4026
7913
4180
2090
4741
2239
7438
4818
9697
9226
3060
557
1176
6057
5096
4146
6237
6321
2939
6890
5021
1911
5255
6190
1506
228
8019
5435
8163
8525
4671
5210
6649
7706
9750
9439
6991
2819
160
4265
26
3591
7966
6888
2553
571
5508
3399
2517
5847
4941
3569
7673
9808
5886
4107
4717
9813
7799
2167
1038
7974
3453
2619
2236
1611
4481
1597
8470
48
6951
4971
1298
8572
3355
1249
7623
4184
6774
9187
8476
8846
5895
7063
9499
4974
4375
2022
662
3646
9067
8685
9332
683
8753
9513
2622
4019
2257
5784
8000
9896
9044
6184
8260
1687
224
3479
6190
5006
6469
4428
4424
3748
2861
9366
8665
3460
2227
1191
6234
1772
8276
8885
9842
5184
980
4091
8216
4459
4380
9332
2470
1625
8525
8153
1925
4100
7290
1120
8093
8752
9069
5280
4184
1172
2216
2907
4957
3488
7828
3959
5631
7179
6684
5329
271
9860
4547
6094
2735
1557
8511
7147
4019
5547
9483
1888
8039
1379
9712
7227
8265
2227
2347
5901
4882
9595
2572
5588
3734
3544
561
2027
2944
284
4396
160
6703
2469
3602
2041
2267
37
2489
5784
3404
9333
6559
6824
215
7478
770
3613
5404
3596
9983
2116
4923
8314
7040
5643
930
1800
5576
4231
2723
8966
9747
7856
8827
6059
8621
9809
1357
6721
6478
3736
7697
6333
2693
7850
5425
1571
8806
4557
1687
4777
4081
4560
3440
291
8592
6445
9439
2236
3376
748
9151
6625
1416
2078
4971
1249
7417
8760
5425
5600
3366
805
4678
7799
9127
6017
7863
9055
6626
3828
4769
7891
7665
1350
770
7624
4900
5544
6485
1572
4547
9755
6914
836
3479
3068
3280
2738
9608
7391
9747
5827
3618
4725
5865
5007
9783
7607
807
9095
1501
1852
2656
5425
3213
8529
8591
8532
7287
1173
8160
920
6764
9042
8660
9526
7696
1071
6999
3875
7430
5827
3113
3104
9092
7282
1416
6471
3868
802
918
4685
3549
7454
9983
4680
8715
1917
300
7338
2470
3453
448
1924
7607
1205
777
9562
1160
4219
5432
4552
9934
3559
2090
4557
1344
6710
9879
5731
8020
8271
6038
3638
2638
4749
1501
807
736
9842
9421
2840
7438
8216
4376
9750
9116
2926
6203
7534
3223
2898
4454
8102
8196
8379
3616
2420
4259
8514
8370
2897
7706
9067
1888
8713
4301
6850
3522
996
4184
7718
6038
2600
539
3306
9664
8872
4508
1925
7149
5596
397
3219
1121
614
8321
2373
2111
4583
5106
7454
8379
2834
3174
5585
4034
4371
1957
2622
1246
802
7534
9439
9549
7974
8345
6191
7463
1527
2840
671
8163
2635
8540
9900
989
2697
5192
1659
7117
8166
8022
9283
8563
5311
5415
4802
8641
2274
4724
7295
24
2290
765
6038
9685
2113
7727
2771
4509
706
8806
623
9470
4259
1069
5317
3227
2377
351
7727
4882
2266
3718
1763
5609
5544
9415
8505
7122
2526
9102
1550
8841
8669
2240
4931
8201
2144
3106
106
7463
8160
4792
7891
3796
3223
7925
9293
3703
8020
7873
3108
6661
6161
1309
1414
4889
641
8827
8974
4518
9637
6997
1309
5492
8592
9129
8018
3707
4940
9547
7509
8295
3018
3313
1197
7923
3108
2687
1772
5822
5091
4296
2518
1852
6073
2373
745
1499
5975
3588
7858
6412
2397
7971
3875
7239
121
3219
7404
8872
1527
7856
7672
3718
3169
50
6485
1513
2634
4705
8642
942
7163
6525
1008
5149
3996
5998
3395
5917
2158
3306
7681
3856
3205
6951
1844
7876
2443
6115
4110
5602
7417
2589
4108
1772
300
9637
864
1191
8803
6246
5643
8593
8357
3803
7590
1550
9890
4130
2409
1755
8065
351
6628
265
7187
2841
6096
2835
9809
1732
5845
6367
2093
2940
1721
6237
6780
2291
5626
6554
2063
8660
6471
5774
1084
1488
9783
2515
221
2624
7378
3120
5983
8418
5002
1192
6914
3732
6367
3154
5463
9842
7813
2330
1231
7907
3840
5106
9828
6445
6648
4792
2039
3346
2304
3823
7089
5891
864
7681
7364
1391
9645
4099
6609
2955
1355
7205
3453
6184
4882
1889
1290
1990
2015
4380
6271
2666
7703
9295
4390
1506
9701
8370
9173
6870
4580
6264
4790
2339
2593
460
9763
3554
2290
1488
5707
2798
2429
6380
657
5659
5373
6781
1831
6663
9416
6941
3559
8059
2955
8162
9721
131
609
9554
9933
5415
1571
7145
2897
1266
38
920
4008
649
328
3609
9354
1197
6207
3421
275
441
6259
2594
7672
9310
4238
7406
3958
5908
2553
5462
1178
4229
2260
4146
2493
2335
3755
2543
9618
8660
9552
2614
6075
3074
468
6807
4933
7378
6923
7378
7923
1771
6723
7975
9783
9936
6676
4879
8356
6832
3438
3388
4670
5085
807
6774
160
6709
1317
1110
1704
6289
1023
6351
4321
2135
7183
8224
8269
9747
6991
2493
1267
2550
4783
2111
2780
5596
692
9712
8896
2215
6199
2933
1724
2598
4731
3349
9769
7897
5988
1044
7764
2029
658
690
9854
9269
5262
5746
3774
3257
6710
3510
5649
8518
93
4892
777
3388
9085
7383
6502
3935
9611
706
3510
9317
9803
2363
6938
1178
7752
8476
9664
7741
2436
2518
7697
9036
3213
582
4081
7529
6684
3996
3537
550
2732
5977
3787
2363
1631
4769
5954
2335
4287
5983
2858
7529
9102
5021
2420
4921
8282
4741
3751
6591
5020
174
3762
1875
291
2912
42
4802
1619
7005
6709
286
1859
2342
4454
4360
1921
2723
2153
8539
6685
5614
4174
4608
6333
7665
4865
7183
6939
1508
390
3736
9828
2893
8966
1514
9747
7145
3547
1877
3580
3734
9439
1176
9840
777
4865
1800
5547
3033
7652
26
2167
3020
4328
5192
6353
5908
2023
2622
7085
7996
4011
7171
5549
6816
7617
313
38
9754
6674
3906
2690
3338
8065
9823
5384
3613
9293
6596
4508
3591
7939
2489
9412
4011
4701
3221
6749
5498
8428
1925
5908
2944
8126
7038
6884
4231
4148
5898
527
4139
7153
582
1421
228
468
1023
7544
6163
371
9463
9775
2763
478
8665
4668
5927
4155
7604
9230
106
9890
7248
7290
6096
1703
9345
2624
8234
6690
5542
6623
7364
4091
8896
2291
3825
7246
1317
9182
6379
1165
1069
2553
662
7365
2662
4492
2015
3206
3108
2642
4518
2469
2133
6923
1935
2274
2524
1350
9932
1703
286
3174
1674
6192
4160
5971
7607
3298
2807
6623
9813
2267
2690
2256
889
4674
7115
8545
493
8910
1508
4559
644
8593
8637
8591
1163
476
8155
6360
7801
5091
2634
2099
8169
9538
437
2827
6482
6966
6723
2380
9245
270
7803
1618
3281
160
143
441
6528
3958
783
6688
1385
8753
1863
662
348
9383
4769
2409
8549
9735
8358
2927
3020
3206
2653
2150
1427
3272
8905
7454
3978
1526
358
9890
7304
7149
1595
9352
3955
4662
7856
736
3456
662
3967
1941
6257
4008
5404
3492
8444
4941
2642
3731
3865
4379
3851
4371
2572
7448
102
8019
7808
5338
8342
7803
5588
2786
7003
4923
1499
9468
8847
1526
1421
2634
7189
9721
3440
1254
6168
3866
4055
5031
3453
7777
1336
9538
8471
3421
8266
1386
5891
7248
7683
6437
6207
4375
4403
3033
4578
9933
682
4297
8444
7384
1595
5585
1501
4844
2980
5521
7003
2595
3412
9785
3867
9095
9511
2923
9808
5316
3338
7206
8947
3855
657
4068
8672
6026
6832
4081
3412
7426
989
706
3120
5393
7966
2239
6628
4304
9624
8163
7177
4556
5901
1386
9050
7661
1192
9317
5961
5034
8383
5960
4407
1192
5883
658
8000
4425
7913
9844
4769
9852
3989
3460
2256
4818
3548
6594
9149
2443
2786
8102
9138
1732
7863
1421
2626
9227
1740
5043
5579
9842
3496
7177
4282
2397
302
7239
1595
9186
5681
9161
2939
6005
2020
1631
8715
9853
5317
4819
2662
1396
4349
9283
8970
7652
7884
9754
1193
4170
805
2144
9932
2133
5106
4721
4176
3617
4000
6923
1656
6321
2406
8910
5844
6743
5999
4931
9936
3625
391
3774
5957
4287
2619
3376
1382
2235
6673
9077
7151
4313
1513
8865
3231
1666
1606
2683
6805
7406
4985
5746
6685
5762
4360
2104
5151
571
8150
2063
6378
2077
3456
3395
441
6242
7544
1474
8307
3646
7652
4668
8621
1869
8174
5996
619
6333
4580
5096
7718
3820
493
3190
2906
9936
302
493
4054
3751
9034
6649
5000
9184
1202
6743
8856
6207
8223
1084
1693
3080
3057
8782
1812
36
2242
5435
6997
4900
7538
4462
1859
3526
2011
9218
4560
6556
6005
7828
5432
3748
1826
6605
1634
8862
4174
4194
5262
374
6024
7598
2144
5789
8684
748
9336
2266
2342
2880
4790
7391
1411
918
7859
8760
9409
6788
8895
3707
3558
1246
591
9044
6482
7665
234
2216
642
9740
614
5807
8914
5624
9809
2521
4552
228
2465
3748
7439
1434
2164
2521
1396
4322
1438
9701
8727
6199
2927
2838
3906
633
336
2739
4706
8569
9910
2600
8914
7290
7557
3707
9891
6011
9987
9547
557
4895
2350
1785
2589
7416
4418
9168
2662
5267
8672
9852
9076
8101
5020
1550
8511
9512
328
21
3338
8862
9549
3357
2642
6936
4424
9485
6314
6183
7897
7596
9055
9220
2961
492
2874
591
3338
1488
9130
1061
2010
7389
3015
1298
7246
7445
1514
729
3958
3083
4623
8692
1724
2738
3190
4130
9317
963
2693
4819
3638
7672
6852
4390
8744
3048
644
949
4489
3935
6566
5085
508
5755
4506
7009
8827
7576
6111
4717
5886
2589
3213
1255
6577
4933
5289
1950
8981
3452
1582
2771
6234
4006
7813
5671
7049
1379
6191
6755
1464
6879
4246
9930
300
7932
1785
7803
7157
3117
2470
571
5145
6437
262
5762
4360
7389
5870
2150
6024
7365
3764
9035
9184
9703
1659
7698
9042
8566
7384
6362
2594
9284
3840
8669
9499
7844
3981
24
6701
2334
2763
609
4578
5716
5659
8518
1231
3718
4685
9129
1619
9336
4483
7147
6780
4927
2626
6208
3537
5356
1882
2501
8126
1027
9345
1507
2897
3060
2662
7859
1659
1771
7227
3877
2274
9803
3908
5596
6320
7206
4796
9896
8082
6335
8000
3741
5521
102
2128
872
8569
8852
748
5716
5708
9125
6743
9560
6075
3764
7624
2737
5858
8546
5130
6037
9853
5425
1462
7177
7801
1954
1625
8155
2350
4139
2394
3588
5687
1674
1674
9159
8723
1572
50
9162
6560
1172
8872
6852
6655
49
6816
1602
6160
2311
748
9085
6797
45
9703
4160
2635
2772
3811
592
9790
9675
8800
7891
4194
210
8266
7049
1071
4580
8901
2923
9940
9463
121
9513
3545
7183
9284
9688
2852
9173
5762
8075
5814
8595
5096
4553
1073
8846
468
3548
6767
2380
188
1120
9351
2257
1925
4713
7974
4645
4668
1902
9977
5262
6242
3762
2136
5643
1850
5905
5470
81
1164
7426
2887
7677
8685
7186
3440
7580
9665
5372
7795
8240
6999
7913
3060
8172
5408
1804
1172
8342
8753
1365
2343
5000
4470
7198
7122
2104
3654
2380
4425
1994
4974
9491
1191
1176
5913
5280
822
4921
7623
2443
6551
1755
1352
591
7161
4376
4830
7763
1155
6040
4285
385
4376
1293
2964
3618
3452
49
4477
9077
2835
1148
3438
8254
2583
5228
1721
8937
143
9042
215
3967
3205
1171
2861
1492
7748
5196
3638
284
7604
545
4583
6956
1674
7343
6893
1656
5707
2239
7161
4352
4665
1305
2363
3958
1994
4108
5831
6959
2524
6184
4717
2550
2838
710
221
7617
3356
7089
6203
7270
8856
3393
9088
3618
6689
6770
2927
6843
9470
539
844
7005
1360
6189
4306
4931
1071
2733
5498
6954
2222
9511
1485
4174
6684
777
1037
1911
9808
9943
2774
1
1833
9879
237
7344
7677
4784
736
7187
2493
9701
4565
7813
8093
3018
9186
4539
4892
1562
5184
7844
1888
4366
7341
7404
7295
7859
9421
2907
4444
2236
6576
4410
3174
9116
8621
4061
6815
2346
6991
3875
8155
3349
4055
5967
3412
2567
2415
4844
8792
3282
8970
5847
5967
6321
5031
24
8518
1205
2465
9092
293
9560
1787
3684
5604
8514
4352
3251
7923
3537
2204
6591
5255
5521
4410
2116
4592
300
3067
1903
9422
2215
3625
6447
302
8723
9769
3602
666
4481
3978
8816
3720
9935
2870
9368
6770
45
7993
3510
1514
4142
984
4481
1518
2595
1606
9352
5430
9230
5983
9549
7040
5968
6868
4767
6786
4371
1506
5996
9462
2135
6158
9446
8901
1994
9209
4666
1464
21
8532
9173
8966
7338
2508
6577
5387
9517
291
8981
7402
2852
8970
4006
8942
9613
3731
657
448
5272
8827
3731
6351
6482
3825
6005
8356
8266
9184
6190
6999
3015
7873
3602
9513
5807
4539
8471
339
476
8075
2135
1863
6158
5690
6554
7187
2077
7157
6556
2759
4428
3040
8942
5687
3355
792
8532
9077
5958
4396
8947
6560
4784
6191
7189
9823
6046
8781
5958
2858
3018
1574
3840
2257
6488
8226
2222
131
7270
6296
6459
4725
4264
4539
1298
6734
3313
811
7189
5561
2802
5822
7596
5883
1098
9050
2185
3596
3154
6505
8142
6551
7858
3839
3314
7433
7795
8101
3336
7366
6816
6663
9560
641
8865
770
8833
8239
553
9203
9067
131
6643
9512
6376
3796
6059
7936
7998
9173
4552
9076
3711
8162
7189
4068
6297
1355
6966
5817
7401
4909
9775
2998
8101
8202
3617
6314
4313
740
1118
3569
5927
874
1346
2343
5526
9354
7850
5007
1416
2737
8156
989
9688
2388
8153
6192
1619
476
7891
7157
8710
6551
3982
6381
9283
9415
7563
4931
3892
3440
8895
9161
792
2933
1374
770
9730
9740
446
7003
2552
9246
6749
6815
3060
6730
353
4292
6491
1025
4130
9220
6011
5244
6430
7478
5716
8396
6556
9775
9803
4188
2113
2508
8344
1379
3044
9463
7808
98
2392
2927
7089
6661
9891
7416
6309
2099
9209
7802
1882
7185
5372
3871
1069
221
658
6967
804
1492
3430
5968
7998
3522
372
9717
351
4549
4297
1
7998
2819
1069
8379
4428
3395
3559
7179
3851
6745
1023
102
3654
9608
3949
6689
1513
690
3710
3381
351
3707
8591
3033
2506
508
3496
984
1677
3509
2550
5602
5408
5789
3206
8344
8847
7609
342
5185
8885
7661
3068
371
4121
1492
8476
8065
9138
9271
7211
8638
9512
9159
2827
6270
5707
3059
2397
4560
4019
2204
7873
3356
4481
1771
8689
2551
4072
1721
3059
6941
6709
6888
7547
6430
4909
4855
9808
8576
545
4820
9718
4525
6059
1448
2501
9310
59
2540
4578
8476
3057
2331
2304
7127
1859
7697
2600
7287
7009
8505
1653
9613
6579
5185
1568
8739
5228
4093
8018
8800
3314
6559
749
984
8546
692
4685
4792
9193
106
4982
8321
7179
415
5006
3098
5543
6625
3981
8390
4777
7404
3173
2461
1061
6094
3488
483
6687
2784
3169
984
4219
1749
9351
9069
6264
2410
2410
4322
5138
5549
336
4148
2841
1386
9654
811
438
1653
1663
5331
678
1625
4670
1355
7509
9930
7093
157
2474
9932
5425
4796
9036
5784
348
4390
1911
8847
5733
2222
4210
2011
5917
4470
2489
3868
9162
6685
5492
4844
8377
5260
6749
2511
666
5387
9597
106
2260
2066
269
6043
8563
9415
2695
8566
5762
7366
4892
448
8254
6643
9517
8862
5870
8649
8649
6539
6984
7364
3030
683
3257
3370
6351
8841
2802
9230
3280
5331
2039
1771
8592
7248
1255
3306
6976
1631
1721
8425
1044
8101
2267
9595
4561
7239
3526
1448
5754
8905
8287
8773
4304
4547
4820
8529
7884
4525
4706
1507
2357
8896
8739
5602
3956
339
9721
2410
7149
5508
6816
3274
3762
7850
6730
6381
2511
9230
1253
980
683
6083
9611
3820
9685
2847
5905
9146
6749
335
9641
9860
2524
4713
8232
5260
2273
1205
6488
980
4565
7859
4167
1882
5305
3617
8234
5430
5968
4595
7194
42
844
8454
6477
9954
366
5439
8314
2511
4195
4406
2434
3959
7117
2570
2383
9095
4547
7534
2964
7509
2783
545
8271
3106
2771
4855
5372
1941
2834
8539
1800
3834
8102
2551
7451
1594
8287
8444
5526
6984
6708
8254
7808
557
3044
9708
1073
8063
7045
1061
4731
4327
1413
7360
7115
1812
7416
5317
3496
5558
1438
5182
2015
8638
5138
7064
5631
2736
6250
3404
1597
7974
5020
2912
2721
5081
5173
5237
6805
5360
7289
7117
8540
9284
7971
7381
6832
8232
4366
7544
2926
7837
7085
7696
4731
7417
6870
3734
1037
7170
5384
7038
5359
6191
7677
6459
2474
9116
7287
224
2955
2190
1787
4882
3509
3083
275
1379
1303
3994
7863
9088
1058
5404
6374
3855
641
448
6165
1382
2489
4892
6477
2409
3182
2763
7344
2158
3892
9809
8171
6242
2880
9326
1749
2143
2678
6787
1724
3865
6699
7439
6163
571
7389
7049
2567
6967
8169
14
5393
3994
1042
2242
5988
8172
7093
1118
826
8729
2190
3935
6627
1067
2206
1488
4671
2570
1527
2980
3113
2279
7287
2236
3732
2570
1831
3113
7554
2474
2076
6160
9645
3547
3600
234
1834
3803
8020
1800
1025
93
7346
4424
8216
348
8108
7396
3346
8590
4162
963
2148
2273
2250
1693
7537
5442
6973
7576
4549
7280
4340
8402
4328
6445
9777
5360
9317
5138
8402
4493
2660
2443
8845
1008
2952
3148
2011
4008
7089
6560
7492
1863
4923
255
6781
7596
2003
8995
8015
5278
4321
5754
5774
644
8599
6824
9624
6096
2330
6373
6690
3251
5967
692
9186
6703
2116
6257
9840
3684
8612
336
9149
3503
2907
7623
1755
4933
1379
3982
7439
6566
9484
7064
1493
4386
6057
5192
391
5870
5937
1038
6888
3430
3967
8689
4287
6914
3205
2136
313
6161
8078
1772
5493
7748
1413
9328
9870
5733
210
6250
7020
5758
4167
3473
8282
5001
1677
8649
3710
2774
1350
2003
3453
9354
3048
2206
1844
6259
7115
8684
9485
4884
4008
6168
4371
3393
5129
7343
3865
9462
1678
4093
1173
1411
2649
9242
2501
4549
26
2240
8792
5498
3545
6184
5558
275
2633
7975
6376
6655
9608
5526
1191
2113
3746
2474
1411
4647
6057
1591
1954
8390
2392
9934
3803
2066
9709
1205
9778
609
3851
275
1303
1935
8282
671
9044
270
8356
7850
7155
339
5626
4349
6959
8630
9987
5001
4592
8937
2239
6976
7433
6879
4775
557
6073
2136
1464
5091
3755
1863
4493
269
5508
3709
5883
9177
1226
7402
1188
4146
6627
2593
4410
2109
9665
1693
7170
9701
6331
9326
619
3093
2964
7795
7289
8307
2003
6643
4560
5614
9538
4957
2633
1365
5149
4706
3058
286
874
3456
2493
6802
8894
5021
6807
1804
2513
1842
3281
7187
9129
2695
9910
7823
6685
2023
6448
4921
1317
2847
2906
6389
3058
4107
7198
879
7777
9895
7034
8396
4678
4536
9283
7975
5844
7537
565
5615
1703
4819
523
3221
3625
8102
3855
6528
8078
1574
4072
8529
8947
98
7529
4194
4386
4093
7045
8240
7005
5337
4866
9413
3262
8727
5043
1789
7803
6353
8702
5913
1411
1526
9720
9416
6430
4879
3840
2738
4068
1414
1148
8684
6770
6313
4006
1875
6627
4170
9351
7576
904
3580
6843
4055
5255
9390
8752
5181
3048
9088
5543
5134
802
4296
2598
7683
4678
2694
6401
2409
642
1633
6459
5895
6824
9218
1448
5439
5645
9069
7085
6623
7171
268
131
5558
6923
8970
3602
8020
5602
4785
5704
6591
7194
5901
9390
3388
9177
2332
4034
7799
4176
7492
8402
5144
2772
9517
6237
271
3935
5182
6774
1038
2133
1789
1852
8672
459
3996
6196
6296
9283
8345
5043
2847
1789
5267
4110
4421
3510
9125
8599
9870
8942
9413
6563
9631
7939
9336
5331
8599
8546
1704
7045
1582
4927
4285
9077
6787
7163
8973
1164
7270
1951
3720
9229
4561
6959
2041
3315
7977
438
7639
6688
3654
1485
2923
1894
9896
8792
7936
2465
9269
5134
7186
8169
2979
1037
397
5129
2695
9490
4509
6094
7430
5511
3503
4706
1513
2521
7438
9935
9159
7155
4982
9932
390
9654
2148
3867
6373
9747
1740
3617
2739
3707
9808
9870
7863
4940
9050
5001
2204
7529
3030
4865
963
6743
5337
262
8093
5151
4761
3717
3378
6802
7360
9236
8973
9740
523
9718
3856
2346
7509
5814
553
3544
9854
6320
5316
3609
358
4068
4386
2933
2105
2791
5280
7003
4098
339
9366
8672
3741
6314
1336
8852
3015
2979
2660
2827
7799
2807
8845
7463
8572
7858
2798
3618
4360
8015
2763
4336
437
2543
166
1704
2204
4477
5360
7876
5263
4410
7858
5360
8144
4229
9554
3473
3877
8172
3625
4306
7996
5960
2783
6708
1192
6655
1226
7986
3983
3978
3955
8425
3231
3223
8488
9129
4402
9890
2594
3839
2331
8344
1163
8946
5898
7932
2791
2508
9226
2626
1012
8905
5330
4982
8196
8518
2506
3113
3978
6648
5898
7856
2774
1518
1687
8566
4418
9168
7923
678
2513
6297
3488
6026
582
3765
6797
302
7439
5558
6852
5184
8370
7897
3182
2693
4668
5182
4285
2502
8201
3746
8525
918
5262
6412
1674
9854
8429
4761
3067
5970
4968
6959
6907
3452
3262
5576
6850
6272
8865
8778
225
683
930
6158
3093
1844
2215
2216
9116
1360
8800
2432
4084
9295
9895
2066
4767
539
5542
9035
7360
3098
2291
6430
4421
3867
1110
8719
9485
1921
8847
4539
30
8638
1173
8171
5688
8563
7554
1266
3381
4931
1340
2838
3335
8298
5439
8545
7034
9484
8223
284
4145
3868
1464
2282
6701
1693
3357
3378
828
3996
7182
8612
6191
3547
7031
8889
1935
7939
4838
9159
9688
7907
1570
1518
1383
8942
550
9226
3867
1677
5145
3838
2128
5129
1413
6401
3949
8226
4721
9489
5408
749
527
9123
6687
4349
8150
604
658
7856
6505
8758
1812
9116
613
5145
8549
6951
7698
8314
691
2023
9552
2260
93
5998
2009
7182
7837
6805
633
1597
6259
9044
2429
8142
5913
6005
3765
3908
4796
6264
4403
121
4109
591
5814
4336
8561
2027
3492
9085
9785
1763
8396
826
6367
1197
1666
5181
7672
5108
8022
3867
7416
6690
3080
4109
8549
7189
9790
2415
