10000
1 3 2 4 2 2 3 2 3 2 4 2 3 4 3 4 2 2 3 3 4 2 2 2 3 3 2 4 4 4 2 2 3 4 2 2 2 3 2 4 2 4 3 3 2 3 3 3 3 3 4 2 4 3 2 2 3 3 4 3 2 4 4 2 4 4 4 2 2 3 4 3 2 4 2 2 3 3 4 3 4 2 4 3 2 2 2 4 4 4 4 4 4 4 3 2 2 3 4 4 3 3 4 2 4 4 2 4 3 2 3 2 2 2 2 2 2 4 3 3 3 4 2 2 3 4 4 2 4 2 3 4 2 4 3 2 4 2 4 3 4 3 3 2 2 2 2 3 4 4 2 3 2 2 2 3 3 2 2 3 2 3 2 3 4 2 3 3 4 2 4 3 3 2 3 4 2 4 4 4 3 2 3 2 4 3 4 4 4 2 3 4 3 2 3 2 2 4 2 2 4 2 4 3 4 3 2 4 3 3 2 3 2 2 4 3 4 4 2 2 3 3 4 4 3 4 2 3 2 4 4 3 3 2 2 2 2 4 2 2 4 2 4 4 2 3 2 4 2 4 2 2 2 2 2 3 4 4 3 3 2 2 3 4 3 2 3 4 4 4 2 4 2 4 3 2 4 2 4 4 3 3 2 2 3 2 2 3 3 4 3 2 4 2 4 2 3 2 3 3 2 3 3 2 2 4 2 2 4 4 3 2 3 2 2 2 4 3 2 3 4 4 2 4 4 3 4 2 2 2 2 2 2 3 2 2 4 3 4 4 4 3 3 4 3 4 4 4 2 3 4 3 4 4 2 2 3 4 3 4 2 3 2 4 4 2 2 3 2 2 2 4 3 4 2 4 4 3 3 4 3 2 2 4 3 4 4 4 2 2 2 4 3 3 3 3 4 2 2 4 2 4 2 4 3 4 2 4 3 3 4 2 4 4 2 3 3 4 2 4 2 2 3 2 4 2 2 4 3 4 4 4 3 4 4 3 2 3 2 2 4 4 4 4 4 4 3 3 2 3 2 2 4 3 4 3 2 2 4 3 2 4 3 3 2 4 4 2 2 2 4 2 2 2 4 2 3 3 2 2 3 4 3 3 3 2 2 3 3 3 4 2 3 2 3 4 3 3 2 4 4 2 4 4 2 3 4 3 3 3 3 4 2 2 4 2 3 3 4 2 4 2 3 2 2 4 4 4 3 4 3 4 2 3 3 3 4 3 4 3 3 4 4 2 4 2 4 3 4 4 2 2 2 4 4 4 4 4 3 4 3 2 4 2 4 3 4 3 3 3 4 3 4 2 3 2 3 4 3 2 2 4 3 4 3 4 2 2 2 2 3 4 4 4 2 4 3 2 2 3 2 3 3 4 3 4 3 2 2 2 4 2 2 2 3 2 4 2 4 4 3 4 2 4 2 3 4 4 3 2 4 4 3 4 4 2 3 4 4 4 4 4 2 2 4 4 4 2 4 3 3 2 4 4 2 2 2 4 4 3 2 3 2 4 3 3 2 4 4 3 4 3 2 2 3 4 2 2 2 2 4 3 3 2 3 2 4 4 4 3 4 2 2 4 2 3 2 4 3 4 4 3 3 2 2 2 4 3 2 2 2 4 4 3 3 2 3 2 2 4 3 4 3 4 2 3 3 4 3 2 3 2 2 4 3 3 4 3 3 3 2 4 2 2 3 2 3 3 2 4 4 4 2 3 2 4 3 4 4 2 2 4 4 2 2 4 3 4 3 3 2 3 4 4 4 3 2 4 4 4 4 4 3 4 2 3 2 4 2 2 2 2 3 3 4 2 2 3 3 3 3 3 3 3 3 3 3 2 2 4 4 3 4 2 4 4 4 4 3 3 3 4 4 3 2 4 4 3 4 2 4 3 2 3 4 4 4 4 4 3 4 4 2 4 2 3 2 2 3 2 3 4 4 2 3 3 4 2 4 3 3 3 2 2 4 2 4 3 4 4 4 3 2 4 4 4 2 4 3 3 4 3 2 3 3 4 3 3 2 2 2 4 4 2 3 3 4 2 2 2 2 2 3 3 3 3 2 3 3 2 4 2 2 2 3 2 3 3 3 3 4 3 4 4 4 3 2 2 3 4 2 2 2 3 2 2 3 3 4 4 4 2 4 4 4 2 4 3 2 3 4 2 4 3 3 3 4 2 2 2 4 2 2 2 2 3 3 2 2 3 4 4 4 4 4 2 4 2 4 3 4 2 4 4 3 2 4 3 4 4 2 4 3 2 2 2 4 3 3 2 2 4 4 3 3 4 4 2 3 4 2 3 4 4 2 2 3 3 4 4 2 3 2 4 2 3 4 3 2 2 4 4 4 3 4 3 3 3 3 3 2 2 2 3 3 3 3 3 3 3 3 3 4 4 3 2 2 3 3 3 3 2 4 3 4 4 3 2 3 4 3 4 4 3 4 4 2 2 4 2 3 3 4 3 2 2 4 3 2 4 3 4 4 4 3 4 3 2 3 2 2 4 4 3 3 2 3 4 2 3 4 2 2 3 4 4 2 2 4 3 4 3 3 3 4 2 4 2 4 4 4 3 2 2 4 2 4 2 3 2 3 2 2 3 3 2 4 4 2 2 3 2 2 4 4 3 2 2 2 2 2 2 4 4 4 2 3 2 4 4 3 4 3 3 4 3 4 2 4 2 4 3 4 4 4 2 4 3 2 3 2 2 3 2 2 4 2 3 2 4 4 2 3 3 4 3 2 2 3 4 2 4 2 2 4 3 3 3 3 3 4 3 4 2 2 2 2 2 3 3 3 2 4 3 3 2 3 3 3 2 2 4 3 4 2 4 3 3 2 3 2 2 3 2 2 4 4 4 3 2 3 3 4 4 4 2 2 2 4 4 2 4 3 3 3 2 2 3 3 2 2 4 2 4 2 4 4 4 4 2 3 2 2 2 3 2 4 4 3 4 3 2 4 4 2 4 4 3 2 4 3 3 3 2 3 3 4 4 4 3 4 4 4 3 3 3 3 2 3 2 4 4 2 2 2 2 2 4 4 2 4 3 4 3 4 3 3 2 2 2 2 4 3 4 2 2 3 3 4 3 4 2 2 3 4 2 4 3 4 3 4 4 4 3 3 4 3 2 3 2 3 4 3 2 3 3 3 2 2 4 2 4 2 3 2 3 4 2 4 3 2 2 2 3 4 2 4 4 2 2 2 3 2 3 4 2 4 4 3 4 2 4 2 4 3 4 4 3 3 2 2 4 2 4 2 4 2 2 3 3 4 2 2 3 4 4 3 4 2 3 3 2 2 3 2 2 4 2 4 3 3 3 4 3 4 3 3 4 4 3 2 4 4 4 3 3 2 4 4 3 3 2 3 3 2 2 3 3 2 3 3 2 2 4 2 2 4 2 4 2 4 3 2 2 3 2 2 4 3 4 3 3 2 4 4 3 3 2 4 3 4 4 4 3 2 2 2 2 4 4 4 4 2 3 4 2 4 2 4 2 3 3 4 2 3 3 4 3 3 4 4 3 2 4 2 2 2 4 3 3 4 4 2 3 2 3 2 2 4 2 4 3 4 4 3 4 2 4 4 3 2 3 2 4 2 4 3 4 4 4 2 3 4 4 3 3 3 3 4 4 3 2 4 2 4 2 3 3 3 3 4 4 4 2 2 3 3 4 3 2 4 3 4 2 4 4 4 2 4 4 3 2 3 4 2 4 4 3 3 4 2 4 3 3 2 4 3 3 4 4 2 4 2 4 3 4 3 2 4 2 2 3 2 2 2 2 3 4 3 2 2 2 2 3 2 2 4 4 3 4 3 4 2 4 4 3 3 4 4 3 2 2 2 4 2 4 2 4 3 2 3 3 4 2 4 2 2 2 2 4 4 3 4 2 3 4 2 3 4 3 4 3 4 2 2 3 3 3 3 4 3 4 3 3 2 3 3 3 2 4 4 4 3 2 3 3 2 2 4 4 3 3 2 2 4 4 2 4 3 2 4 4 3 2 2 4 3 2 3 2 2 3 4 4 2 3 3 3 3 4 3 3 4 2 2 2 2 4 2 2 2 4 4 4 2 3 4 2 3 2 3 4 3 3 4 4 4 4 4 4 2 3 2 3 2 2 4 3 2 3 3 4 4 3 2 4 2 2 2 2 4 3 2 2 2 4 2 4 2 2 2 2 3 2 2 2 2 2 4 2 4 4 4 4 3 2 3 2 3 4 2 4 2 2 4 2 4 3 2 3 4 4 2 2 3 3 4 3 3 2 4 4 4 3 3 4 2 4 4 2 2 2 3 4 3 4 4 2 4 2 3 4 4 4 3 3 3 3 3 2 2 2 3 4 3 4 3 3 4 4 2 3 4 4 3 4 3 4 4 3 4 2 4 2 2 3 3 3 3 3 3 4 2 4 2 4 4 4 2 3 3 2 3 4 2 4 2 3 3 4 3 2 2 2 4 2 2 4 2 4 2 4 3 4 3 2 3 4 2 4 2 2 4 3 2 3 3 3 4 4 2 4 4 2 2 4 3 2 4 4 2 4 3 4 3 3 3 2 2 2 4 2 2 2 3 4 4 2 4 2 2 2 4 2 4 4 2 2 3 4 4 4 2 2 4 4 4 2 4 3 2 2 4 4 4 3 4 2 2 4 4 3 4 3 3 2 2 4 2 4 3 3 2 3 2 3 4 3 2 2 2 3 4 4 4 3 4 2 4 4 3 2 4 3 4 4 3 3 4 2 2 4 2 4 4 2 3 4 2 3 3 4 2 2 4 4 2 4 4 2 4 3 2 3 3 4 3 2 4 3 3 3 4 4 4 2 4 3 4 4 4 2 2 4 3 3 3 2 4 3 2 2 4 4 4 3 4 4 2 2 4 2 3 2 4 4 3 3 4 4 3 3 3 4 2 4 3 4 3 2 3 4 2 2 2 2 4 3 2 3 3 4 3 4 2 3 4 4 2 2 4 4 4 2 2 3 3 4 2 2 2 2 4 2 4 3 2 3 2 2 4 4 2 3 3 3 4 2 2 2 3 4 4 3 2 4 4 3 4 2 4 3 2 2 4 2 4 3 4 4 2 4 2 2 2 4 4 2 2 3 2 3 4 3 2 2 4 3 2 4 3 2 2 3 2 2 4 4 2 2 4 4 2 4 4 3 2 4 3 3 2 4 3 2 2 2 2 3 2 4 3 3 3 4 3 3 2 4 4 2 4 2 4 3 3 3 2 3 3 2 4 2 4 2 2 2 4 3 2 3 2 3 2 2 4 2 3 4 4 3 4 2 3 2 2 2 4 4 3 4 3 4 3 4 2 2 4 2 3 2 2 2 4 2 3 2 2 4 3 2 4 2 3 2 3 3 3 2 2 3 3 4 4 4 4 3 2 3 2 4 3 3 4 3 4 3 4 4 4 2 4 2 3 2 4 3 3 2 3 4 4 4 2 4 4 4 3 2 3 2 4 2 4 4 4 4 4 2 2 2 4 4 2 2 2 3 3 3 4 4 3 3 2 3 4 4 2 3 4 2 4 2 2 2 3 4 3 4 3 3 3 3 4 3 2 2 3 4 4 2 2 4 2 3 3 4 3 4 4 2 3 2 4 4 3 2 2 3 2 3 3 3 2 3 4 4 2 2 2 2 3 4 3 2 2 4 3 3 3 3 3 4 2 3 3 4 4 3 2 3 3 2 3 3 3 2 2 3 2 4 4 3 3 4 3 3 4 3 4 3 4 4 3 4 4 2 3 3 2 2 3 3 3 3 4 2 4 2 2 2 3 2 4 3 3 2 4 3 4 2 4 3 3 4 4 2 2 2 2 3 3 4 2 4 3 2 2 4 2 3 2 4 3 2 2 2 2 3 4 2 4 3 3 2 4 3 3 3 2 3 4 3 3 3 3 4 2 3 2 4 3 2 3 4 4 2 3 3 4 2 4 4 3 3 2 2 2 2 2 2 2 4 4 3 3 2 3 3 2 3 2 3 2 4 4 3 4 2 4 4 2 4 2 3 4 2 3 4 4 2 2 3 3 3 4 3 3 4 3 2 4 4 4 4 2 2 2 2 3 4 2 2 3 2 3 2 4 3 2 2 2 4 3 4 2 3 3 4 3 4 2 3 3 2 3 2 2 4 3 2 3 3 4 3 2 3 3 4 4 4 3 2 3 3 4 4 2 2 2 3 4 4 2 2 2 3 4 2 3 3 4 3 3 2 2 3 2 4 3 3 2 4 2 4 2 4 2 2 3 4 2 3 3 2 4 2 4 3 4 2 2 3 3 2 3 2 3 4 2 2 3 3 3 2 3 2 3 3 4 3 4 4 4 3 3 3 2 3 2 2 2 2 3 3 3 3 3 3 3 3 3 2 4 3 3 3 4 4 3 4 3 2 3 3 2 4 4 2 3 3 4 2 4 2 3 4 3 4 3 2 3 4 3 4 4 2 2 4 3 3 3 2 3 3 3 4 3 3 4 2 4 3 2 3 2 3 3 2 2 3 4 3 4 3 3 4 2 3 2 4 3 2 3 4 2 4 2 3 2 4 2 3 2 4 4 4 4 2 4 4 2 3 4 3 2 4 2 4 4 3 3 4 4 3 2 4 3 2 4 2 2 3 2 3 3 3 4 4 4 4 4 3 3 4 2 4 3 2 3 4 3 4 4 2 3 2 2 2 2 4 3 2 3 4 2 4 4 4 4 3 3 3 4 3 3 3 4 2 3 2 3 2 4 4 4 3 3 2 2 3 2 4 2 3 2 2 4 2 3 4 3 3 3 3 3 2 3 3 3 2 2 4 2 4 3 2 2 3 4 4 4 3 3 4 4 3 4 4 2 2 2 2 4 4 4 4 4 4 4 3 3 3 3 4 4 3 3 4 4 2 3 2 3 2 3 3 4 3 2 2 2 4 4 4 3 2 3 3 3 4 2 2 3 2 4 4 3 2 4 2 4 2 4 2 4 4 4 3 2 2 2 4 4 3 2 3 4 4 2 3 3 3 4 4 4 3 3 3 4 3 2 2 3 3 4 3 4 4 3 3 4 2 2 2 4 2 2 4 3 2 2 2 3 3 2 3 2 2 2 4 4 2 2 3 2 4 2 2 3 3 4 4 2 2 2 2 3 3 2 3 2 4 3 4 4 2 3 2 4 2 2 2 4 2 3 4 4 2 3 3 3 4 2 2 4 2 4 4 2 4 4 2 3 3 4 2 3 4 3 2 4 4 2 3 3 4 3 3 3 4 2 3 3 4 4 4 4 2 2 2 2 2 3 3 2 2 3 2 2 3 2 4 2 4 4 2 3 3 3 2 2 3 3 4 4 2 4 3 3 4 2 2 2 2 4 2 4 3 4 2 4 2 2 3 4 2 4 4 2 3 3 2 2 4 3 3 2 2 2 4 4 3 3 3 4 2 4 3 2 2 3 4 3 4 4 4 4 4 2 4 4 4 4 2 3 4 4 3 4 3 2 2 2 2 2 3 4 4 4 3 2 2 4 2 2 3 4 2 2 4 4 2 2 2 4 2 2 3 4 3 4 2 3 2 4 3 4 4 2 3 3 3 2 3 4 2 4 2 4 2 4 4 4 4 2 2 2 4 2 2 3 3 2 3 3 4 2 2 2 3 4 4 3 4 4 3 2 3 3 2 3 3 3 2 3 3 2 3 3 3 4 3 2 2 2 3 2 2 3 3 4 4 4 3 4 4 2 3 3 3 3 4 2 2 4 4 2 3 2 4 3 3 3 3 4 4 3 3 2 2 3 2 4 4 2 3 4 4 2 4 4 4 4 2 3 4 3 4 2 2 4 2 2 2 4 2 2 2 3 3 4 4 3 2 2 3 4 4 3 3 2 4 4 3 2 3 2 3 4 3 2 3 4 4 4 2 3 4 2 2 4 2 2 4 4 3 2 4 3 4 2 2 3 2 3 4 4 4 4 4 2 2 3 3 4 3 3 2 2 2 2 4 2 2 2 3 4 2 2 2 2 2 4 4 4 3 4 3 4 2 4 4 4 4 4 4 2 4 4 2 2 2 3 2 4 4 3 4 2 4 4 2 3 3 4 3 3 2 3 3 4 4 2 3 4 4 2 4 2 2 2 2 4 2 3 3 2 2 3 4 3 3 2 3 2 2 2 2 3 3 2 2 3 2 4 2 3 2 4 2 4 3 4 3 2 3 2 4 3 2 2 3 2 3 3 4 3 4 2 2 3 3 4 2 3 3 2 4 2 3 3 3 3 4 2 4 3 4 2 2 3 2 3 2 4 3 3 4 4 3 3 4 4 3 4 3 3 3 2 4 2 3 2 4 2 3 3 4 2 4 3 4 3 2 4 3 3 4 4 3 3 2 4 3 2 4 3 4 2 2 2 2 3 2 3 4 2 4 2 3 4 2 3 3 3 4 4 3 3 4 4 2 4 4 2 2 2 4 4 4 4 4 2 4 4 4 2 3 2 2 4 4 3 4 3 3 4 2 3 3 3 4 4 3 3 3 3 2 3 2 2 4 2 4 2 4 2 3 4 3 2 2 2 4 3 4 2 3 2 4 4 3 3 4 4 4 4 4 2 4 2 3 4 2 2 2 4 4 3 4 4 2 3 3 4 2 3 4 3 2 2 4 4 4 4 4 4 3 2 4 4 3 4 4 2 2 3 4 4 2 4 4 4 2 2 4 3 3 3 2 2 3 2 3 2 3 2 2 3 2 2 2 2 2 2 2 4 3 3 2 2 3 3 2 3 2 4 2 2 3 2 2 3 4 2 3 3 4 4 3 3 3 3 2 4 4 4 4 4 4 3 2 3 2 3 2 4 3 3 4 3 3 4 2 4 3 4 2 4 3 2 2 2 4 3 3 4 2 2 2 3 2 2 4 3 2 2 2 2 3 4 4 2 4 2 3 3 4 3 4 2 3 2 2 4 2 3 3 4 2 4 4 2 3 2 2 4 3 3 4 2 2 4 4 2 2 2 3 4 2 3 4 4 4 3 4 3 3 3 3 4 2 3 3 2 3 3 2 4 4 4 4 2 4 2 4 3 2 4 2 4 2 2 4 3 2 4 4 3 4 2 3 4 4 2 2 2 2 2 4 4 4 2 4 2 4 3 2 2 2 2 2 2 4 3 2 3 4 3 3 4 3 3 2 4 3 2 3 4 3 2 3 4 2 2 4 2 3 2 3 4 4 3 4 4 2 4 4 2 3 3 4 4 3 2 4 2 4 2 2 2 4 3 3 4 4 3 3 3 2 4 2 2 2 2 3 4 3 2 2 3 3 3 2 2 3 4 3 3 4 4 2 3 2 4 4 2 3 3 3 3 3 2 2 4 2 2 3 4 2 3 4 3 3 4 3 4 2 4 4 2 4 3 4 4 4 3 4 2 3 2 2 4 4 3 2 3 4 3 2 2 4 3 3 2 3 2 4 4 2 4 3 2 4 2 3 3 2 3 4 3 4 3 4 4 3 3 3 4 2 2 3 3 4 4 4 2 4 2 2 2 3 4 3 3 2 3 2 2 4 4 4 3 3 3 2 2 2 2 2 4 4 3 4 4 2 4 3 3 2 3 4 4 4 3 2 3 3 3 4 4 4 3 3 3 2 3 2 3 3 3 2 3 2 4 2 3 4 4 2 4 4 3 3 3 4 4 2 2 4 2 3 4 2 2 4 3 2 3 3 2 4 4 3 2 2 2 4 4 4 3 2 4 2 4 2 4 4 4 2 2 3 4 3 4 2 2 2 4 2 3 4 2 3 3 2 2 2 4 3 4 4 2 2 2 4 2 3 4 3 2 4 4 2 3 2 2 4 4 2 2 4 2 2 3 2 4 4 3 3 4 3 4 2 2 2 2 3 2 3 4 3 3 2 4 3 4 4 3 3 3 2 4 4 3 2 3 2 4 3 2 3 4 4 4 2 2 4 4 2 3 2 3 2 4 4 3 4 4 3 3 2 4 4 2 2 3 2 3 2 3 2 3 2 3 4 4 4 4 2 2 4 2 3 4 2 3 3 3 2 4 2 3 3 4 2 4 4 4 4 2 3 2 3 4 4 3 2 2 2 3 2 4 3 4 3 4 2 3 2 2 2 3 4 3 3 3 3 2 4 2 2 3 2 2 3 3 3 4 2 4 3 4 2 3 2 2 3 4 4 3 2 2 2 2 4 3 3 3 4 4 2 2 4 4 2 4 4 3 4 4 4 3 2 4 3 3 4 2 2 4 2 3 2 3 3 4 4 3 3 4 2 2 4 2 2 4 4 2 3 4 3 2 2 3 2 3 2 3 3 2 3 3 3 2 2 2 4 4 4 3 4 4 4 3 2 2 2 4 2 2 3 4 3 4 4 2 4 2 3 4 4 3 3 4 3 2 3 4 2 4 2 3 3 2 4 2 4 2 2 3 4 3 3 4 4 4 4 3 3 3 3 3 2 3 3 2 3 4 3 4 4 2 3 3 3 2 4 2 4 3 2 3 2 2 2 4 2 4 2 3 4 2 3 2 2 2 4 3 3 2 2 3 4 3 3 4 3 4 3 4 3 4 4 2 3 2 2 3 3 2 3 3 3 4 2 3 2 4 2 2 4 2 2 4 4 3 3 4 2 4 3 4 4 3 3 4 2 4 2 2 4 3 2 2 4 4 2 2 4 2 4 4 2 3 3 4 3 2 4 2 2 2 4 2 2 2 4 4 4 3 4 4 4 3 3 3 4 4 3 3 3 3 2 3 4 4 3 2 3 4 4 2 4 3 4 4 3 4 4 2 3 4 4 3 4 4 3 2 4 2 3 2 2 3 4 2 2 2 4 4 2 3 4 3 2 2 2 4 3 3 3 2 4 3 2 4 3 2 3 4 4 4 2 3 4 4 2 3 3 2 3 4 3 3 3 2 2 4 2 4 4 2 2 3 3 4 4 4 3 2 3 3 3 2 3 3 4 3 4 4 3 3 4 3 2 3 2 4 3 4 2 4 3 3 3 2 4 3 2 3 2 4 3 3 2 2 4 2 2 3 2 4 3 3 2 3 4 3 2 4 3 2 2 4 3 3 4 4 4 3 4 2 3 2 4 3 2 2 2 2 4 2 4 4 2 3 3 4 3 4 4 3 4 2 4 3 3 3 3 4 4 2 2 4 2 3 4 2 2 2 2 2 4 4 2 3 4 2 3 2 3 4 4 3 4 2 3 4 3 3 2 4 4 2 2 3 3 3 2 4 2 4 3 3 2 4 2 4 2 4 2 4 2 3 4 3 4 4 4 2 2 3 2 4 3 4 3 3 4 2 4 3 3 2 3 2 4 2 4 2 3 3 2 2 3 4 3 4 3 3 3 4 4 3 4 2 2 4 2 4 3 4 4 2 4 2 4 4 4 3 2 3 4 4 4 3 2 3 3 2 3 3 2 2 3 2 3 3 3 2 2 2 3 3 2 4 3 4 2 4 3 3 4 3 4 3 4 4 4 3 2 3 4 4 4 4 2 3 3 2 3 2 4 2 3 3 3 2 3 4 3 3 2 4 4 3 2 3 4 2 4 2 2 3 4 4 3 2 4 4 3 3 3 2 3 3 4 2 4 2 2 4 2 4 2 3 2 2 4 4 4 4 4 2 3 4 2 4 2 4 2 3 4 4 3 3 3 2 2 3 2 4 3 2 4 3 2 2 3 3 3 2 2 4 2 3 3 2 2 3 4 4 2 2 2 3 2 3 2 4 4 4 3 3 4 2 4 4 4 3 3 4 3 2 4 3 2 3 3 3 2 4 3 3 2 2 4 2 4 2 3 2 3 3 3 3 4 3 3 2 4 3 4 4 3 2 4 3 4 3 4 3 2 3 4 2 2 4 2 2 3 4 2 3 3 4 3 3 3 2 4 4 4 2 4 4 2 3 3 3 4 3 2 2 4 3 2 3 3 3 4 3 4 3 2 4 3 4 4 3 4 4 4 4 2 3 3 3 3 4 3 3 2 3 2 2 4 2 3 2 3 4 4 3 4 3 3 3 4 3 2 2 3 3 4 3 4 2 2 3 3 2 3 3 4 3 4 3 3 2 2 2 2 3 3 2 4 2 3 4 2 3 2 2 4 4 3 2 4 3 2 2 4 4 3 2 3 4 4 4 2 4 2 4 3 3 3 3 4 3 2 3 2 4 4 3 4 2 4 2 4 4 3 4 2 2 2 3 4 3 4 4 2 2 4 4 4 2 4 2 2 2 2 2 4 4 2 4 3 2 4 3 3 2 4 3 2 3 3 3 3 2 4 3 2 4 4 2 2 3 2 4 4 2 2 3 2 2 4 4 2 3 4 2 2 2 4 3 3 3 2 2 3 2 3 4 4 4 2 3 2 2 3 4 3 4 2 3 2 3 3 4 2 4 2 3 2 2 3 2 2 2 3 2 2 4 2 4 2 4 2 2 3 2 4 4 2 3 3 3 4 4 4 3 4 3 4 4 3 3 3 4 3 3 3 4 3 2 3 3 4 2 2 2 2 4 2 4 3 3 2 2 2 3 3 4 2 4 3 2 3 2 4 4 2 2 3 3 2 4 3 2 3 4 4 3 3 3 3 2 2 2 3 3 2 3 4 3 4 2 4 3 4 4 4 2 3 3 4 3 4 2 2 2 2 4 2 4 3 4 4 2 2 4 4 2 2 3 2 4 3 3 3 3 2 4 4 4 4 2 2 3 4 2 4 4 4 4 4 4 2 4 2 3 3 3 2 4 3 2 3 4 2 2 4 2 4 4 3 3 4 4 3 4 3 4 3 3 2 3 3 3 2 3 4 4 2 4 3 4 3 4 2 3 2 4 3 3 2 2 2 3 2 4 4 3 4 3 3 4 4 3 3 3 2 3 4 4 2 3 3 4 3 3 3 4 2 3 4 2 3 3 4 2 4 4 2 3 4 4 2 2 4 3 4 4 2 3 3 3 3 4 4 3 4 2 2 2 2 4 3 2 3 2 2 3 3 3 3 3 3 4 4 2 2 2 4 2 3 3 4 3 2 2 2 3 2 3 2 4 4 2 2 3 2 3 2 4 4 4 4 2 4 2 4 4 3 3 3 3 2 2 3 4 4 2 4 3 2 4 3 4 3 3 2 2 3 3 4 2 4 4 3 4 3 2 4 2 4 3 3 4 3 3 2 4 4 2 4 4 2 4 2 3 4 3 3 3 3 3 4 3 3 3 3 3 2 4 3 3 4 3 2 4 2 2 3 2 4 4 3 4 3 4 2 3 4 4 3 3 2 2 4 4 3 4 3 3 4 3 2 2 4 3 2 4 4 2 4 4 4 2 3 4 2 4 4 3 4 3 2 4 4 2 2 2 2 3 3 2 2 3 4 3 4 2 2 2 2 3 2 2 4 2 3 4 4 4 2 4 4 3 2 2 3 4 4 3 3 3 4 2 4 2 2 3 4 3 3 3 4 3 2 3 3 2 3 4 4 2 4 4 2 3 4 4 3 3 4 3 4 4 4 3 3 3 2 2 3 3 2 4 3 4 4 4 4 4 2 4 3 2 2 2 4 3 4 4 2 4 2 3 2 2 3 2 3 4 4 4 4 4 2 2 3 3 2 2 3 3 3 3 4 2 4 2 4 4 4 4 4 3 2 3 2 2 2 3 2 3 4 4 4 2 3 4 4 3 3 2 2 2 3 3 4 3 4 3 3 4 4 4 2 4 3 3 3 2 4 2 4 2 3 3 2 4 4 3 2 3 2 2 4 3 3 2 4 3 3 2 4 3 2 3 4 4 3 2 2 2 3 2 4 4 2 4 4 4 2 3 2 4 2 4 2 2 2 3 4 2 2 3 2 2 3 4 3 3 2 4 3 4 4 4 4 4 2 3 4 2 2 3 4 4 3 4 3 4 2 4 3 2 2 3 4 2 2 4 3 2 2 4 4 3 2 3 2 2 4 3 2 3 4 4 3 4 4 2 3 4 4 3 2 4 3 4 4 3 3 2 4 3 3 4 2 2 2 4 4 2 2 3 4 4 3 2 4 3 3 4 2 3 2 4 2 4 4 3 4 2 3 4 3 2 3 2 2 3 4 4 2 3 3 4 2 3 3 3 3 4 3 2 4 3 4 4 4 4 2 3 2 4 2 3 3 2 2 3 3 2 4 4 3 3 3 3 2 4 3 3 2 2 2 2 3 4 4 4 2 4 2 3 4 4 2 4 2 3 4 2 3 3 2 3 2 3 3 4 2 4 2 3 2 4 2 2 4 2 2 3 2 4 4 2 2 4 3 4 3 2 4 4 2 3 3 3 3 2 4 2 4 2 2 4 3 4 2 3 2 2 2 2 3 2 4 3 4 3 3 4 4 2 3 4 2 2 2 4 3 2 4 2 3 3 2 4 2 3 2 2 2 2 3 2 3 3 4 3 3 4 4 4 4 2 2 4 3 4 2 3 4 4 4 4 4 2 4 3 3 4 2 4 3 4 4 4 2 4 3 4 2 4 2 4 3 4 3 2 2 4 3 2 4 3 4 4 4 3 2 2 2 4 2 3 2 3 2 3 4 2 2 4 2 3 3 3 3 4 2 3 4 3 3 4 2 3 4 4 4 4 3 2 2 2 3 4 4 3 2 4 3 2 3 2 3 3 2 3 4 2 3 2 4 3 2 2 4 4 4 2 4 2 2 3 2 4 3 3 2 2 3 3 3 4 2 3 2 4 2 4 3 4 4 2 3 2 3 4 2 2 4 3 2 2 3 4 3 4 2 4 2 2 3 4 3 2 2 4 2 4 4 2 4 4 2 4 2 4 3 3 4 4 2 2 3 3 4 3 2 2 4 2 4 4 2 2 3 3 2 3 2 3 4 2 3 2 4 3 3 3 3 4 4 2 3 4 4 3 2 3 2 4 4 2 3 4 2 3 2 2 4 2 2 4 3 4 2 4 2 3 2 3 4 3 4 4 2 4 4 4 2 4 2 3 2 2 4 2 2 3 2 4 3 4 2 2 3 3 2 2 3 4 2 3 3 4 3 2 3 3 4 2 3 4 3 4 2 2 4 3 4 4 3 3 3 3 4 3 4 3 4 2 4 3 2 4 3 3 2 3 4 4 2 2 2 3 2 3 3 2 4 2 2 3 3 4 2 4 2 2 3 4 2 4 3 4 4 2 3 2 2 3 2 4 2 2 3 3 2 4 3 4 3 3 3 3 3 3 2 3 2 3 4 2 3 4 2 2 3 4 2 3 2 4 3 3 4 4 4 2 4 4 3 2 2 3 2 2 2 4 4 4 3 4 2 4 2 3 2 4 4 4 2 3 4 2 2 4 2 4 2 4 2 2 3 4 3 4 3 2 3 2 3 4 2 3 3 3 4 3 3 4 4 3 2 3 2 2 4 2 3 3 2 2 2 3 2 4 2 3 2 4 2 4 4 4 2 4 4 2 2 4 4 4 2 4 3 4 3 3 2 3 3 3 3 2 2 3 3 3 3 4 3 3 4 4 3 2 2 4 4 3 4 2 2 3 4 3 3 4 3 4 2 4 4 4 3 4 3 4 2 4 3 4 4 4 3 3 2 2 4 4 2 4 2 4 4 3 3 4 4 2 2 2 2 3 2 2 2 4 2 3 2 4 3 4 3 4 4 2 3 3 3 3 2 2 4 4 2 3 3 3 2 3 2 2 2 2 3 4 3 3 3 3 4 4 3 4 4 3 3 3 4 2 3 2 4 3 4 4 3 4 3 4 3 3 4 3 4 3 2 2 3 4 3 4 2 2 4 2 3 4 2 3 3 4 4 3 4 2 2 2 2 3 2 4 4 3 2 2 3 4 3 3 2 4 2 3 3 4 4 4 3 3 3 3 3 4 3 2 4 3 4 4 3 2 3 2 2 3 4 3 3 2 4 3 4 2 3 3 2 3 3 4 3 4 4 2 3 3 2 4 4 3 3 3 2 4 2 2 4 4 4 2 4 2 3 3 2 2 4 4 4 4 3 4 3 4 2 4 3 3 2 3 4 3 4 4 3 2 4 3 2 3 4 2 4 2 2 3 2 4 3 3 4 2 3 3 4 2 3 4 2 3 3 3 4 4 4 2 3 3 4 3 2 3 3 4 3 3 2 2 3 2 2 3 3 3 2 4 2 4 4 2 2 3 3 3 2 2 4 4 3 2 3 4 2 2 4 3 4 3 3 4 4 3 3 2 3 4 2 2 2 3 2 4 2 4 4 4 3 3 4 4 4 4 4 3 4 3 3 2 2 4 3 2 3 2 2 2 2 4 2 3 3 2 3 2 2 4 3 2 4 4 4 4 2 2 2 3 4 4 3 3 3 3 2 2 4 2 2 3 4 3 3 3 3 2 2 2 4 3 4 4 2 3 3 3 2 3 4 3 3 3 3 4 2 3 2 2 3 4 4 3 2 4 3 4 3 4 3 3 4 4 4 3 2 2 2 3 3 2 2 4 3 2 4 2 4 3 2 4 4 4 2 2 4 3 4 2 3 3 4 2 4 3 3 2 3 4 4 4 2 4 4 4 3 3 4 3 4 4 2 2 4 2 4 3 3 2 4 2 4 4 4 3 2 3 2 2 4 2 4 2 2 4 2 3 4 4 3 3 4 4 2 4 4 4 2 3 4 4 4 4 4 3 3 3 3 2 4 2 2 2 2 4 2 2 3 2 4 2 3 3 4 3 2 4 3 4 3 4 3 2 2 4 3 4 2 4 3 2 4 3 2 4 3 3 2 4 3 3 4 2 2 4 2 2 3 2 3 3 3 3 2 4 3 3 2 4 2 4 4 4 2 3 4 3 3 3 4 3 4 3 4 2 2 4 2 2 2 4 4 3 4 2 4 2 2 4 3 3 3 3 4 2 4 3 2 3 3 3 4 3 4 4 3 2 4 2 2 3 3 3 3 3 2 2 2 3 4 3 2 2 2 2 4 3 2 2 2 2 4 2 2 3 4 2 3 3 2 4 2 4 2 4 2 3 3 4 2 2 3 2 2 4 4 3 3 3 3 2 2 4 2 3 4 4 3 3 2 3 4 3 2 3 4 2 4 2 2 2 4 2 2 3 3 3 4 3 2 2 2 2 2 4 4 3 3 4 4 3 2 3 3 3 2 2 3 3 2 3 2 4 2 4 3 4 2 4 3 4 2 4 3 3 2 3 4 2 2 2 4 3 3 4 3 2 4 3 3 3 3 2 2 3 2 3 2 4 2 2 3 2 2 3 3 3 4 3 2 3 3 2 2 3 4 4 4 2 2 3 4 2 4 2 4 4 4 3 4 3 3 2 4 2 4 4 4 2 2 4 3 3 4 4 4 2 2 3 4 4 2 4 3 3 2 3 2 3 3 4 4 2 2 4 2 3 2 3 3 3 4 3 4 2 4 2 3 3 4 2 2 2 3 2 4 4 2 2 2 3 2 2 2 4 2 4 3 3 3 2 4 2 2 2 4 2 4 3 3 3 3 2 2 4 4 2 2 2 4 2 3 3 2 4 4 3 2 3 2 2 3 2 3 2 2 3 2 3 4 2 2 3 3 3 4 3 2 3 3 2 2 3 2 4 2 3 2 4 4 2 3 2 3 2 3 4 2 3 4 2 3 4 3 2 4 3 2 4 2 2 2 2 3 3 3 4 2 3 3 4 2 2 2 4 4 4 2 4 3 2 3 3 3 3 3 2 2 4 2 2 4 3 3 4 2 2 3 3 3 2 3 2 4 4 2 4 3 2 3 2 2 3 3 4 3 4 2 2 4 3 2 4 3 4 2 3 2 3 3 4 2 2 4 4 3 2 3 3 3 2 4 4 2 3 4 3 4 2 2 3 4 4 2 4 2 2 3 2 3 2 2 2 2 4 2 3 3 3 3 2 4 2 4 2 2 3 2 2 3 4 2 2 4 2 3 3 2 2 2 3 3 2 2 3 2 3 3 3 2 3 2 4 3 4 3 2 3 2 2 2 2 2 3 2 2 2 2 4 2 4 3 3 2 4 4 2 3 3 3 3 3 4 4 2 4 3 3 4 4 3 2 4 4 4 4 3 2 2 3 3 2 2 2 2 3 4 2 3 4 3 4 4 4 4 2 2 4 4 3 2 4 2 2 2 3 3 4 4 2 3 2 2 4 4 3 2 2 4 3 3 3 3 3 4 2 3 2 4 3 3 4 4 3 2 2 3 3 3 2 4 2 3 3 2 2 2 3 4 4 4 3 3 4 2 3 3 3 4 3 3 3 3 4 2 2 2 3 4 3 2 2 4 3 4 2 4 2 3 4 3 3 3 4 4 2 2 4 4 2 3 2 3 4 3 4 3 3 4 3 4 2 3 4 2 3 4 4 3 2 3 3 4 2 4 3 3 2 4 3 3 4 4 2 4 4 2 3 3 4 3 4 2 4 4 4 3 4 3 3 4 3 4 4 3 2 2 2 4 2 2 3 3 4 3 2 4 3 3 4 4 3 2 4 4 2 3 3 3 3 2 3 3 2 4 4 3 2 3 3 2 2 4 2 2 4 2 3 4 4 3 2 2 4 3 3 4 3 3 4 4 2 2 3 4 2 2 2 3 3 2 4 4 2 3 4 2 4 3 3 3 2 3 4 4 4 3 3 2 2 2 2 4 2 4 4 3 4 2 3 2 3 4 2 4 2 3 4 3 2 3 3 3 4 3 2 3 2 3 2 4 4 2 3 3 4 2 2 4 3 3 2 3 2 3 2 3 3 4 2 3 3 2 3 3 2 4 4 4 4 2 4 3 2 2 2 4 2 4 4 3 3 2 3 2 2 3 3 4 4 3 4 3 4 3 4 4 2 4 4 4 4 4 2 2 3 4 4 2 4 4 2 4 2 3 2 4 2 4 4 2 4 2 4 4 3 3 2 3 3 3 2 3 4 4 2 3 3 2 4 2 4 3 3 4 3 3 4 4 3 4 2 4 3 2 2 3 4 3 3 3 4 3 2 2 3 3 2 3 2 2 2 2 2 2 4 3 2 3 3 3 2 3 4 4 3 3 2 4 2 3 3 3 2 4 4 4 3 4 2 4 2 3 2 3 2 2 2 2 2 4 4 3 2 3 4 2 2 3 4 3 4 2 4 3 4 2 4 4 3 4 2 2 4 2 2 2 2 4 4 4 4 4 3 3 2 3 2 3 2 3 4 4 3 2 3 2 4 4 3 2 3 4 3 3 2 2 4 2 2 3 3 3 4 2 3 4 3 4 2 3 3 3 3 3 2 3 2 2 2 3 3 2 4 2 3 4 2 3 2 2 2 3 4 4 3 2 4 2 3 4 4 3 2 4 4 4 2 3 4 4 2 4 2 4 3 2 3 2 4 2 2 2 4 3 2 4 3 3 2 2 2 2 4 2 3 2 3 3 2 2 4 3 2 2 4 3 2 2 3 2 4 4 2 2 3 4 3 2 3 4 3 4 2 2 2 3 3 3 3 2 2 4 2 4 3 3 3 2 2 2 2 4 3 3 4 4 3 2 3 2 2 4 2 3 2 2 4 3 4 3 2 3 4 2 2 3 2 4 4 3 2 3 3 3 3 4 4 2 4 3 3 2 3 4 3 4 4 2 3 4 4 3 3 3 3 2 3 2 2 2 3 3 2 3 3 4 2 2 4 3 4 2 2 4 3 2 2 3 4 3 3 3 2 3 4 2 3 3 3 3 4 3 2 3 4 3 4 2 3 2 4 3 2 2 3 3 4 4 3 3 3 4 4 3 2 2 3 3 4 2 4 4 2 4 4 2 4 3 4 3 3 3 3 2 4 3 3 2 2 3 3 3 3 2 4 4 4 4 3 3 4 3 2 3 4 4 4 3 2 3 3 3 2 3 4 4 4 3 4 3 2 2 4 4 4 3 4 4 3 3 3 3 4 4 2 3 4 3 3 2 2 4 2 4 4 4 2 2 3 3 2 2 4 4 3 4 2 4 2 3 2 4 2 3 3 4 2 3 4 2 4 2 3 2 2 3 4 4 2 2 3 4 2 2 2 2 2 2 3 3 3 2 2 4 2 2 2 4 4 4 3 3 4 3 3 4 3 3 3 2 2 2 2 2 2 3 3 2 2 3 3 3 4 2 2 3 3 2 4 2 3 2 2 3 2 3 4 3 2 2 3 3 2 2 4 4 4 3 3 3 2 4 3 2 2 2 2 2 3 2 3 4 4 2 3 3 4 3 4 3 4 2 2 2 2 4 2 3 3 4 4 4 3 4 4 3 3 4 4 4 2 2 3 2 3 3 3 2 3 3 4 2 4 4 2 2 2 2 2 4 4 3 4 3 2 4 3 3 2 2 2 2 4 4 2 2 2 2 3 4 2 3 2 3 4 4 4 4 4 3 2 3 2 3 2 2 2 2 2 3 4 3 4 2 4 4 3 2 4 2 4 2 4 4 4 3 4 3 2 4 3 2 4 4 4 3 2 4 3 4 2 4 2 3 4 4 4 2 2 2 3 2 3 3 3 3 4 3 3 3 4 2 3 4 3 3 4 4 3 3 2 2 4 3 4 2 3 2 2 3 4 3 3 3 4 3 3 4 4 2 4 2 4 3 4 4 2 2 3 2 3 2 4 2 3 2 4 4 2 3 2 3 4 2 4 3 2 2 3 3 4 4 3 4 2 4 4 4 4 4 3 2 2 3 2 4 4 3 4 4 4 2 2 2 2 3 4 2 2 2 3 4 3 3 2 2 4 3 3 3 3 3 2 3 2 2 4 4 2 3 3 3 3 4 4 2 4 3 4 2 2 2 2 3 2 2 2 4 3 3 4 4 2 4 2 3 4 4 4 3 2 3 2 3 2 4 3 2 2 2 2 2 2 3 4 2 2 4 4 4 4 3 3 2 2 2 4 3 4 2 2 3 3 4 3 3 2 2 4 4 3 3 2 4 2 4 2 4 4 4 4 2 4 4 2 2 2 2 2 4 2 3 4 3 2 4 3 4 4 4 3 2 2 2 3 3 2 3 4 4 3 2 4 3 4 3 3 2 4 2 3 4 3 2 2 3 3 4 2 3 2 3 2 4 2 3 2 3 2 2 2 4 4 4 4 2 4 3 4 4 2 4 4 3 3 2 4 3 2 3 3 2 4 2 4 2 2 3 2 4 2 3 4 4 2 3 4 4 4 2 3 2 2 2 4 4 3 2 4 2 2 2 3 2 4 2 3 4 3 3 4 3 3 2 4 3 3 3 2 3 2 2 3 4 2 4 4 2 4 4 3 2 2 4 2 2 4 3 2 3 4 3 4 4 3 3 4 2 4 3 4 4 3 3 4 3 4 2 2 2 2 2 4 3 3 4 3 4 3 2 4 4 4 2 4 2 4 2 4 4 4 4 2 4 3 2 3 2 2 3 3 3 2 2 4 3 2 2 2 4 4 4 4 3 2 3 2 3 3 3 2 4 3 4 4 4 4 4 2 2 4 3 4 3 3 4 4 2 3 2 2 4 2 3 3 3 4 2 4 4 2 3 2 2 3 3 2 3 2 2 4 2 3 3 3 4 3 4 4 3 4 4 3 4 2 2 3 3 3 4 3 3 4 4 3 2 3 4 4 4 4 2 2 2 2 2 4 3 4 3 2 3 2 3 3 4 2 3 2 3 4 4 2 4 2 2 3 2 3 2 2 2 2 2 2 3 4 3 2 2 4 2 2 2 2 2 3 4 4 3 4 2 2 3 3 3 4 2 3 3 2 3 2 4 4 4 2 4 2 3 4 4 3 2 2 4 2 4 4 2 2 3 2 2 4 2 4 4 3 3 3 3 3 3 3 4 2 2 2 4 3 4 2 2 3 4 4 3 3 3 4 3 4 3 3 2 3 4 2 2 4 3 4 3 3 2 3 2 3 2 2 4 4 2 2 2 3 4 2 2 2 4 3 4 3 3 2 2 3 2 4 4 4 2 3 4 3 2 2 4 4 4 3 3 2 3 4 4 2 3 4 4 4 3 4 2 3 4 3 4 2 3 2 2 2 2 3 3 3 4 4 2 3 4 3 2 4 2 3 4 2 2 2 3 2 4 4 3 2 2 2 4 2 2 2 2 4 4 3 3 4 2 2 3 4 4 2 3 2 2 3 2 4 4 3 3 4 3 4 4 2 3 4 4 2 3 4 3 2 2 4 3 4 4 2 3 2 4 2 2 4 3 2 4 2 2 4 4 2 2 2 2 3 3 2 4 4 3 3 4 4 3 3 3 4 4 2 3 4 2 3 4 2 3 3 2 4 2 4 3 2 3 4 3 2 4 2 2 3 3 2 3 4 2 3 2 4 2 2 3 2 4 2 3 2 2 4 3 4 2 4 3 4 2 4 4 2 2 4 3 2 4 4 3 2 2 3 3 3 2 3 4 3 3 2 3 2 2 3 2 2 3 2 2 4 4 4 3 4 3 2 2 2 3 3 4 3 2 3 2 4 3 4 2 4 2 4 3 4 2 4 2 4 3 2 4 4 2 3 3 2 4 3 2 4 4 3 3 2 2 4 3 4 4 2 2 2 4 3 3 4 2 3 3 2 3 2 2 2 2 3 4 3 3 3 3 2 4 3 4 3 4 3 2 3 2 2 2 2 4 3 2 2 3 3 4 3
7434
1100
1473
1273
2582
5610
4243
4118
145
6249
4449
8940
3701
9418
1003
2160
1190
9080
9100
1228
8077
3443
4213
7356
9956
7835
9955
780
7597
4511
1757
9660
1636
8213
8789
5706
4470
5217
9860
7192
4049
505
7100
5326
6167
2848
7694
7574
6930
2058
6184
8955
2631
2925
2584
5575
775
3973
2541
5009
7542
1766
9860
2394
1875
1619
9057
2125
7661
6324
3185
4916
1425
8841
9711
4402
7989
4492
9440
4868
6551
6046
2437
2056
3312
3178
9350
5471
7896
6044
8348
6522
1258
2959
5745
6684
2761
9389
3287
2716
1177
4096
6878
8987
3009
7164
7413
5498
1247
9370
8674
7161
9668
5287
3843
4288
5735
6068
568
7573
3930
3619
6684
7622
3715
6719
8754
9915
7339
9370
323
8318
7177
9805
988
7756
5879
5636
2489
6893
2796
5322
1653
1572
77
6009
1778
641
8528
8346
1922
9091
5404
7187
6746
1563
4282
8679
3597
8694
2887
1226
8023
3715
7713
9396
5646
7498
6054
9664
9216
6444
4407
2974
2102
4119
8015
1297
2828
9013
8573
5761
4551
9081
6973
6106
4976
3990
2226
7257
1955
3881
4198
5923
491
677
8917
4878
2362
4338
4075
5827
864
9930
6908
3198
5317
8195
5134
1190
4768
5875
7313
8460
9208
4438
7279
5419
2256
2987
7899
6130
7935
8817
5778
4332
1727
5906
3887
533
5142
5591
1863
5103
6814
6606
453
7421
6176
2458
3046
8446
2278
7384
849
3863
494
4188
5797
7199
7274
3072
1653
4656
8470
4159
7706
3023
4416
8854
5061
2367
2852
9603
4775
2014
7043
6310
7568
9845
349
1577
2144
9535
9031
5005
9529
9125
5836
7778
3023
4823
5849
5867
2697
4482
1488
1254
5770
1905
1651
1522
2087
4497
5831
8285
3623
9742
8863
8252
513
3222
1762
7235
3397
6532
3554
7986
8755
9293
5856
4028
8566
1122
5799
1772
1633
1314
3189
7100
5828
8212
7847
906
4705
4756
3565
4509
16
7999
3039
9406
3543
3009
3690
6575
7993
721
2334
2535
8159
4297
404
818
6633
4733
8243
7355
424
5762
6678
8486
8917
4783
391
2581
5592
4388
1902
5436
8339
3904
7545
4297
2934
2791
3932
1640
4506
7756
2248
6289
5585
9587
3802
3589
5248
906
5317
1080
7897
6923
3069
3313
2383
1559
6348
7864
5600
6198
9243
6816
6544
9969
4472
7318
6917
7670
6169
9096
852
609
8016
7014
3003
5081
3475
1047
115
6286
5427
3927
3308
168
7094
8203
3947
8508
1988
805
635
8883
9165
9146
9947
2539
4586
3148
7294
9484
3349
7432
6520
380
8590
806
384
1367
5486
8062
5813
9049
1843
1576
4214
2329
6679
5236
5050
3397
5185
836
9535
2050
808
6955
5624
7467
6962
4019
1527
4413
6403
1958
6677
6328
8089
6557
7952
1392
136
2836
8733
6994
1144
3227
3629
6455
3531
2680
5028
1754
6128
4
3757
7698
4837
8446
4297
2881
1503
5060
5548
1986
4606
8741
1276
4698
6425
9834
5025
3666
9171
2646
283
1754
6934
3932
8839
8146
404
9051
7199
5274
3229
3915
789
5043
2307
3639
3744
4612
2547
6227
1850
4389
6089
808
1213
7190
3926
9643
5225
7500
787
6738
9417
7521
505
3126
274
7244
8813
9209
5212
1338
1186
5640
9919
1391
2676
4607
2037
2205
2151
4834
8211
8356
9920
6014
2937
1425
928
1031
6526
16
7856
1189
2184
6685
8436
2154
8862
1120
6356
9292
8508
6372
4465
4152
6785
9723
420
245
8829
8232
6376
6897
100
2803
2041
3336
9948
2102
1907
4826
8208
6468
1771
9759
3017
2471
1501
5485
5869
5651
3560
8143
1847
127
5255
1572
680
46
766
1537
8183
7485
5314
2585
7177
6115
9195
9305
6186
2535
9035
7470
6040
8665
2735
2450
7324
6150
7187
4356
8630
2827
7033
2060
7222
3869
6849
8077
7235
3170
5275
6842
2224
5057
8716
5584
953
5674
1945
7480
5126
6842
7539
1786
3890
9196
1266
6996
7815
6966
6173
2789
6644
9523
7860
5305
7808
1209
1276
3532
6543
9368
2373
8588
8132
2330
2348
495
2249
5003
8949
1615
8648
9078
2822
5123
6095
9707
2646
3825
2716
5709
5833
9611
6961
5275
628
1753
9956
818
8975
7948
8222
6811
3468
228
9368
8583
6847
6986
552
5638
2078
3715
9455
8456
3093
963
5856
2986
3659
3088
9100
1885
4928
5368
1047
3042
2178
786
324
9187
1766
2664
8746
6426
5755
3203
828
362
8782
4463
9516
3017
4237
6392
3015
7555
9841
4346
7498
1689
675
1273
1286
1790
869
8293
4476
8749
5505
2251
4534
7472
8175
5236
3285
5146
8814
5279
399
222
6237
9506
2778
4730
7714
5783
526
5608
5799
8854
6276
3280
10
9798
5119
9595
697
1495
7571
718
973
7812
4832
6286
9836
3762
9805
6360
5033
8579
9219
9506
481
1886
5869
2679
2329
1654
6599
9205
8922
4882
4746
3642
7558
9585
9318
7085
2393
5505
439
5513
424
5150
8083
4224
3093
8566
7398
1625
2169
8364
2186
8013
8387
4843
4167
6550
2862
6604
6779
6754
9249
9465
7606
5229
458
7470
4246
5060
1821
7551
3086
5103
6165
9912
9809
7237
5508
373
8498
2261
2631
7516
2055
4037
6823
604
2911
9606
2052
8747
3459
7780
7226
6372
54
7412
1657
91
4818
5676
3149
9798
2990
5612
4317
5689
426
9989
5829
680
2398
3672
4791
6305
5565
2225
6080
5773
4545
6965
7271
7512
6891
9285
6829
6199
7427
8809
6664
9396
3730
7268
7451
7612
7381
3493
9674
1813
5312
1314
4625
1582
4946
5681
8194
4474
8763
8250
7580
5808
5174
5308
5612
9887
8161
2788
5557
8889
7831
6107
2181
5612
1758
2999
2893
4524
8027
7320
5124
8781
1293
3915
9715
3226
8960
2315
7371
6762
5934
6609
3870
5475
543
4470
1729
8388
1495
5656
7378
5839
4214
8663
7695
8066
3185
5846
5559
8446
5714
827
524
3377
2983
8611
9976
9618
7600
2195
4753
7555
2019
5938
8221
6927
5308
7816
3956
3239
2752
3886
3513
2692
9241
6065
6728
1190
9300
9497
1473
6416
5701
3928
2506
9216
836
4096
1034
2195
9504
6644
7286
5081
3576
9431
7356
5649
2153
5105
7864
9634
626
2854
7384
270
3581
3915
7823
7270
5105
7409
526
4622
5811
8060
7664
6731
9775
1442
716
3531
3742
6379
4864
3945
7298
9949
1972
1796
7959
6933
9777
1179
7839
3991
7449
4656
1829
7927
95
2828
9721
9286
9451
7467
5160
2089
8861
1205
39
1940
4193
6178
2102
8266
7625
5268
7602
2415
892
9735
6304
7165
541
8749
6328
8740
5521
4188
5212
2348
2173
9857
2051
6094
5407
8047
3186
1417
6641
5510
8445
1374
9222
9255
6056
1701
5040
6916
3584
6580
2752
2493
8456
3589
1839
2090
7439
7545
6711
156
7712
4160
7902
3690
7891
2223
7935
9867
2594
1979
6198
8716
2611
4101
3666
7983
1289
3286
6549
275
7163
3662
1127
3392
655
626
8272
7550
7017
7036
8615
8472
9116
8729
6167
2450
785
2011
5238
5932
7868
293
4325
7358
4930
449
8194
3619
5833
3994
7780
3332
6950
3726
4732
6588
1047
4762
8066
1980
525
7226
8433
7805
2788
2587
9542
5339
9383
3892
2129
4772
5220
3234
3581
5171
8980
3028
8291
1711
3112
9362
7683
6375
3271
7596
5754
2799
4937
14
1574
7884
91
2499
2489
8446
4542
734
1076
9893
6089
6627
1569
2724
386
6459
5006
1719
9827
1498
8874
6186
7401
5881
3458
1836
793
4291
9585
9350
8654
6799
1817
1724
9915
7562
9317
1010
334
3872
2327
5498
437
5112
2508
4772
1351
4237
8089
1741
6420
3244
2720
557
679
6095
335
2292
8087
4076
1055
5374
1515
9811
3837
5333
83
2777
5890
2987
6408
8673
4905
2143
1
1089
5389
2601
1503
5628
8115
9634
6195
1655
7309
9551
3197
8029
8194
5243
1624
4641
8612
2598
4266
4993
4601
2411
5873
7298
7976
6626
8548
9199
6334
5991
2349
8983
6645
4337
25
3235
4909
9171
1196
7239
9485
1005
1036
6437
2511
9606
3787
505
8454
5348
53
8602
8970
7872
4353
7944
7856
9946
7805
9841
7694
6362
4596
2074
4826
6677
2541
3557
9074
8910
2591
4807
1320
1711
345
2887
2466
2986
7837
1711
6287
8768
4505
9422
8565
9980
2615
6649
1905
8149
1958
4395
7910
9771
5485
631
3148
8611
4884
1945
4422
2868
7865
3450
3478
2546
6995
9195
740
1902
3254
7244
5688
991
8235
2907
8768
3254
4281
1078
1559
4079
2563
4872
5868
3117
5218
2424
5316
5374
1810
8513
7418
8031
2376
6875
1260
5712
9494
7600
901
9276
4750
9058
2413
7947
9079
5067
507
5172
3111
1416
9065
2994
2562
8751
3804
1594
7955
1123
9509
6674
1420
4329
7514
7884
4561
2501
8615
5801
2013
697
4636
8793
1036
2292
7379
9562
3165
6403
1268
1874
8382
5697
8777
9598
7426
9035
9470
9310
2154
1215
1298
1863
3054
3856
2857
6717
5395
6776
2767
5164
5453
7931
3171
6291
9654
4126
9866
7729
2646
8446
3009
6804
9735
9640
4509
960
6120
4552
7144
6814
3023
6456
6655
2249
6533
310
7974
9619
7414
9591
4774
6481
7565
2084
6049
6746
683
6812
3918
7864
3054
9930
228
5758
8409
9590
3741
294
4417
3464
6727
10
5972
9479
2709
3915
1701
6848
9293
1893
3265
2873
2781
2092
8374
9960
2049
5143
7084
4660
8594
8446
5874
2041
1425
6289
7213
5740
1191
6936
1559
2745
3372
9611
8433
8284
3576
8565
2866
8433
504
8868
7974
1095
9392
4197
5178
6930
3623
3685
9018
611
1979
8776
6811
720
2434
48
6972
9870
5478
4661
4512
8103
8757
1968
3066
7461
1512
7241
3009
9805
5061
1186
8859
1289
1200
7780
2592
1069
5873
4688
3913
4920
2113
2459
2456
4661
5165
2043
1527
4534
1099
720
5225
7762
8115
5565
8733
3054
3067
4910
8628
9411
58
6824
2055
3385
4905
365
1590
5111
4629
1781
860
3518
2255
5708
9521
723
1445
6051
9100
1581
7572
4970
6080
2113
6647
640
6288
3271
9874
5425
3166
4932
3051
9920
3791
1237
7615
3468
687
9680
5061
1659
8274
3161
9660
4629
2340
3054
6826
4539
8689
775
8622
7675
6087
9834
6256
9930
9364
5035
8614
147
6470
64
6463
4908
2395
5567
7545
6442
6127
3529
8827
2518
7497
7615
5299
2591
6892
8839
9714
7590
2784
864
3851
5484
1420
9482
1732
6468
7991
6439
3025
8350
5857
7212
7450
2373
5624
3792
6184
409
3054
1146
8188
9961
772
1084
2362
961
8897
3659
4910
211
9632
1655
7452
6305
2193
4897
2076
399
7756
7093
387
9789
5592
6149
5192
2870
4301
8785
8266
6177
1803
891
3972
3348
6847
746
1335
8071
3857
3673
7545
5066
1205
5488
8443
631
90
4755
8665
7649
2576
5123
1227
8594
2217
585
9647
4035
4049
6869
5
6811
1223
1468
6288
9744
4445
1293
175
9736
6447
7860
4189
2049
2423
3365
6574
644
4645
6115
723
9221
2349
5615
9544
5276
4742
1043
858
3936
3003
568
7222
6330
9050
9290
1914
9735
9659
5266
3316
8336
9967
5440
9981
8012
4641
8437
6608
4700
4785
3826
7026
1883
4509
5726
7974
6156
3742
7563
1761
7684
9795
8648
4189
1127
7542
1809
301
1205
1413
5005
9061
7535
2752
5329
530
1186
1762
6277
2753
54
3936
3919
4643
239
1640
2735
7619
8376
4330
1902
4177
8350
3741
319
7290
9474
4618
5615
5759
48
7931
9837
9559
7616
9554
4015
9797
9794
7870
5252
6253
7508
6439
7121
6372
3956
4889
4812
953
2774
6049
3975
5775
7207
649
2544
5136
8814
9447
9027
2292
8727
9412
7828
1861
6566
5981
9006
3931
8410
5447
903
8802
8018
8679
8076
7356
3664
9310
4438
7021
2567
8454
5053
6929
5596
1328
693
5792
1952
4224
4505
631
3198
6545
7542
6482
6473
1205
8265
9227
3682
4700
6286
7145
5750
481
4476
9880
3379
4355
953
7138
35
641
8883
1926
8939
881
7365
2733
9850
1266
7399
3595
5607
9346
3532
6089
3281
2256
3657
5797
7062
3709
4435
1569
4334
6922
8284
510
6455
8167
680
9171
1864
4755
1391
4593
9197
7622
5885
4542
7316
4272
5607
9436
5740
2536
6799
7663
7181
1328
3099
6996
9236
1833
4816
6572
7932
2516
8717
5251
2110
6645
9594
2986
4000
1
3891
1203
6467
9410
8292
2095
4990
4329
6470
5861
5783
1675
9493
6337
466
746
9486
5486
1779
404
1917
2282
9668
8016
6277
2907
4073
9178
5392
2404
9479
8448
1321
5875
5653
2776
5589
5592
4491
5991
7643
3239
2518
6183
2433
2169
9227
3956
4426
2046
1946
1473
5493
4577
3925
8272
5374
8280
3553
4329
2716
381
3918
6355
9509
4747
8177
4330
7847
5247
9723
214
1899
6868
7030
1921
6648
5410
7114
8060
8597
7064
6181
6730
9498
1641
5581
2725
3119
6028
8469
9746
8537
58
6455
425
628
6744
5519
4584
1572
7598
8070
3020
4088
3170
4460
9798
6002
181
8943
7493
5981
5783
1912
1640
4454
3069
6223
9435
5968
6684
3868
8680
7007
4106
4774
3416
3652
1723
9618
6371
3917
2011
3202
8866
9114
834
5453
4373
7150
6667
8379
6290
8111
516
9646
4175
5140
2603
6564
9035
5035
196
4493
4532
5132
5554
3757
2330
6866
548
6425
6921
214
3442
6657
4521
4563
7265
8339
517
216
4864
4348
18
6115
4152
1749
4649
9452
9991
7955
4972
2717
3939
8089
3521
8062
6103
9915
2548
6863
8140
9839
4707
6901
201
3327
9241
4510
9783
464
2439
2844
426
8539
4170
5854
2482
603
7688
5209
167
8449
8115
6310
6080
6506
1640
6274
1853
1750
325
6097
9266
3054
1194
6392
331
3743
8111
6433
2256
9896
2332
7972
5932
8285
6465
2601
1819
6114
3442
3210
5577
8276
6400
7974
4816
5098
4601
136
3273
570
5381
14
2351
7736
8628
311
9118
7995
8183
7534
3220
5944
9715
2271
82
8252
5831
5908
3501
5900
7716
7166
4801
9177
5171
4779
6042
165
9798
9653
7468
7264
4464
7864
5756
6950
8622
1743
6937
7514
2774
4126
4046
1775
6371
6704
7367
4856
7270
5092
6279
3419
939
7170
8121
5104
2883
9758
4784
9396
2745
6958
8022
7643
9236
1961
5219
263
3066
3879
3093
2680
2624
7815
7341
3346
116
2223
2195
2696
3686
6846
3659
3934
7880
5838
9987
492
4228
5053
3493
9152
2536
8868
2268
3590
277
4616
8165
5816
9637
6019
7948
3316
9029
4391
4134
583
8492
7891
1348
7639
7268
2458
5963
5710
9113
8146
1544
4049
2912
4140
2340
3374
2873
8074
5975
5620
3543
8465
9239
5565
8665
6557
4207
1889
8879
1764
8738
2192
4224
4551
5140
5941
6362
9710
3410
6249
8089
9584
6162
6547
6157
7987
4242
5061
6171
1216
648
7589
7445
1373
4007
8048
2809
3459
3710
5771
9562
6573
852
7535
8168
5972
5773
8472
1664
9961
7833
4667
9914
4545
2529
6009
2327
6838
4168
8079
7031
1684
5717
4632
1729
998
3784
7822
6709
373
3605
4688
3346
9290
5942
6416
9229
5856
6452
6657
9294
3594
9606
5030
8350
3751
1816
6195
506
2475
5507
6766
1171
8491
4048
8939
9525
79
9740
1457
673
1754
4794
6286
7445
1266
7860
4088
4579
9440
5239
6675
9546
2120
9900
9632
253
8231
4433
270
1704
2829
2389
2915
5874
5142
616
3767
7377
1847
1026
8749
7148
9455
7308
3392
2922
2131
1512
5754
7704
7589
9758
4845
3677
2331
7271
2074
6000
8171
7313
724
6740
6927
3085
2430
7160
4637
6708
150
1920
7129
9354
3241
6319
2705
5651
8825
6091
949
567
4653
7428
3269
4834
1788
5246
7371
7991
6417
3778
6711
4009
6186
311
5562
465
4654
2411
6165
1769
8661
8052
1792
6395
7931
9771
3902
4872
6684
9318
7274
5099
2389
7497
8893
4720
1767
6894
6440
8186
8632
8918
1693
5080
6722
3603
7904
2628
3286
172
4621
4224
5293
902
5772
7177
217
5722
1394
3785
3097
4702
7959
1743
5229
4314
1259
8501
9791
8725
5261
2565
9710
9863
5306
9884
9824
852
9645
1884
8837
3903
4509
3686
4485
208
634
6230
6689
408
4509
6746
2511
6950
6061
1255
9953
1915
6707
3375
1330
4133
4237
9029
1425
9344
6080
2785
3416
8763
1286
7138
4414
2113
3684
6816
6274
4134
6940
8252
9648
8344
8170
4049
2926
2121
5630
9092
4641
9856
3615
5045
6874
2385
8938
7029
1418
4739
9787
1116
4867
9521
4285
8356
6943
1255
1400
6342
3701
9758
1363
808
493
6781
1779
5354
9074
4388
4214
4342
870
1986
7970
7974
5873
1247
7830
7766
6054
9195
3690
1321
6444
1064
5217
9709
3171
8957
673
9270
3224
318
4345
3868
9081
677
9795
2613
5126
7886
122
2868
5670
4558
1553
8089
6845
8811
1693
7137
2335
1885
3664
9794
7226
1650
9811
7717
7970
8933
4461
9817
1006
3126
8058
4191
9118
2669
6360
301
180
8597
3548
491
4601
9798
9028
8298
1577
1540
9002
4134
7771
7298
4089
3744
4137
2631
6882
9501
836
9736
6394
823
5834
156
5374
6307
3093
7637
1572
2974
836
8388
5896
8647
2135
887
4329
7030
1657
2358
497
5722
7612
7045
1636
3212
6512
8116
9968
6594
7974
4859
4414
1848
9941
838
6645
1088
9240
8205
8754
631
334
8413
8377
6983
7836
5002
9427
2593
4028
9196
9368
7127
7181
5365
859
5699
3048
2927
2332
6052
3722
7164
9318
8299
7849
3870
4114
6751
4207
5205
6089
525
8293
8566
6249
9595
1930
8255
2136
6441
115
2248
4929
7852
437
2804
5282
2442
8212
481
6944
8209
2964
5591
415
4748
6083
6645
9898
8768
812
8288
6100
1320
8257
3571
2696
4345
4738
8083
3956
9308
963
4611
4477
5920
7106
5003
6203
4852
8117
362
2060
1907
3165
7540
8074
2508
8253
839
6927
2062
9479
38
4270
4807
3677
4664
4427
6311
2974
7934
2190
9214
673
3364
2820
3548
4065
8782
7316
570
7906
4477
938
6719
144
2408
6392
9634
4297
9521
4992
6477
4521
1660
5861
5277
4652
5160
1963
5138
323
5394
6523
3657
1438
4552
2133
1703
8763
9505
3901
4403
1650
8991
8703
3606
136
5225
1945
5141
9961
4298
2912
1205
1300
7539
5252
487
9619
8175
1177
6874
4152
6409
7517
87
3856
6049
8348
4618
819
8058
4682
8077
1
410
6447
6750
6142
6492
6609
2480
9867
5706
3534
7726
3890
3461
1327
6018
552
1355
7070
1986
5338
3443
2165
723
747
1231
4506
791
8745
3341
3124
6218
3182
3915
6574
4119
5827
3556
7204
5124
136
5275
1033
7217
5699
723
5613
8755
8689
7207
6435
1033
9947
187
2292
538
6062
7414
600
1515
3836
2804
7828
9789
7233
2537
5636
8465
7464
5374
6752
5500
8385
8892
9394
1350
6659
3689
5565
6672
858
2953
9335
9547
3367
4509
8768
3923
9157
6740
8143
4251
441
8717
4574
9051
3594
5715
5448
3973
3771
6227
6243
5188
1314
583
5310
9214
4735
5076
90
7168
6227
1225
9974
5834
4506
7029
3475
5534
8475
1196
2131
8946
7182
9553
1960
8553
5816
6531
9227
7174
8423
6649
90
1401
9293
1495
1771
4765
8839
4739
7367
6374
5135
3881
7497
4949
4867
8297
9793
9291
5060
9974
9274
39
2950
1884
803
1105
4714
3428
1926
3458
438
1669
2494
1108
1691
3308
4870
7114
1770
5106
9571
6866
8862
9570
1572
3532
2255
1943
2990
3465
1853
4012
6574
5061
8797
1379
1026
4732
8560
9035
7630
259
730
1094
5523
1363
9366
4306
3320
6195
3649
6454
6374
5833
5485
8516
1979
9754
3936
446
512
2511
1652
7635
9689
221
9275
9011
5792
9396
3422
6913
42
6348
5215
898
3360
2824
8148
4530
8565
9034
900
7255
7640
2828
3748
4121
7884
2448
2592
7103
270
7367
7710
1615
7966
5504
636
5417
5268
5521
7026
3527
8917
5347
5153
4746
6497
3996
1006
9622
2546
3856
4964
7974
2883
4606
1572
4943
3257
4878
9186
6117
2911
2613
6462
679
5351
2064
6933
888
4905
8979
8098
504
3204
7702
4506
2203
7972
5993
526
3575
6984
2437
6992
9146
9168
1321
3003
3461
8571
6996
5190
7777
3061
6013
3425
7880
5404
9667
1105
834
517
5975
9839
4250
3896
5058
374
7077
3815
7862
1940
9389
2809
1681
8837
7709
3693
1127
9270
2891
4725
9580
9445
824
1238
2500
2968
6819
4983
3956
7611
7713
3491
6509
1347
4504
1910
7498
3468
8614
724
4875
4992
5758
9176
7530
1129
1753
9096
6155
2511
2968
456
3003
7259
9157
3003
9611
3238
5166
7670
9735
6717
6296
3271
6326
6090
7224
51
9254
7718
4821
1797
595
9305
3478
3255
607
1798
2355
4433
9058
5754
3023
2881
2258
3814
3380
2268
3012
2042
2071
7450
3950
87
7451
7023
5772
293
7458
412
4297
4824
8355
6056
6367
43
9152
1495
9075
443
4177
4251
6980
791
5942
7759
3106
9148
7264
4250
631
9803
9410
9757
1404
6192
5840
9529
4969
181
2122
4391
1809
974
506
6930
7450
5236
679
1534
1495
5849
2827
5023
9611
2838
7033
7456
1527
3611
4362
7488
8507
2192
7450
1099
2686
2232
1737
583
5018
5967
4232
3409
5131
5559
5171
1644
7993
6927
3936
8537
5424
3936
4290
6234
5591
8458
2437
5855
9414
9562
6960
3671
419
7979
255
1905
3956
5624
9990
4291
2891
9208
5559
3908
4014
8408
7754
1237
1721
8144
9476
3003
5555
2392
7716
3320
2335
6287
6941
8939
6425
3450
777
1520
6709
3025
4238
3804
2402
3332
397
8060
9356
2516
1625
1078
7405
3112
6733
5540
5296
3318
6577
1545
4435
9643
1540
3248
3035
7356
3365
635
6061
724
3980
7928
9570
3651
1379
3800
8749
6662
5067
8215
3442
8954
5061
4674
1280
9127
7475
4683
1360
5967
9647
2579
570
6635
3577
5710
3453
5509
8446
9949
5270
7413
7356
6927
4104
9370
2606
7302
8784
4542
8425
1816
4577
720
7469
1670
658
3697
1373
2118
6242
3145
4192
3544
5412
3655
9955
5932
7033
3166
5053
8632
5187
7250
3280
1757
3982
4191
5712
6432
6114
548
1
9395
3061
3146
44
1187
9293
5331
5360
8193
4380
8946
5005
840
4160
8052
2497
1034
4063
9757
5171
836
2489
5134
3041
6436
9579
2511
6848
2162
9529
3922
3513
8282
6650
5124
953
197
8886
1595
9417
8818
4938
1149
384
7408
7910
9888
50
7455
7216
9389
7970
6376
4426
677
1568
6722
8891
6551
812
7149
5869
5688
1538
9506
5379
3481
5287
2796
8082
9824
6733
6080
7661
3679
6800
2924
6396
4770
7728
1371
7228
9597
7386
3280
3844
6420
6676
8676
7986
3061
2744
7542
826
5061
9416
7954
3029
7982
9109
608
7413
793
2332
525
7033
115
9346
7455
3131
9336
4391
7728
8056
3598
5509
1648
7271
1165
7213
2612
4402
3470
7615
6451
270
9314
5450
3694
1680
9187
5451
6142
8320
2039
3722
4920
9167
9115
4510
7670
8811
5984
1170
6350
9744
4740
3886
3244
863
5035
9978
7666
5470
7040
4881
9171
810
6523
8342
7539
6352
4348
4139
4010
5158
4196
2835
7828
8528
2056
8708
4891
7779
3686
8275
4923
923
9622
6314
9370
2937
4329
9723
1657
8006
1340
873
4065
7199
4838
8725
7394
7791
8303
6404
3023
7081
878
1014
3054
8222
2058
9866
2567
4035
5581
5574
4905
3269
4930
7047
7396
5722
7312
3684
2456
5805
9685
3488
3368
5353
3440
7838
4026
2078
1650
2960
4547
9521
9197
573
9672
1865
2087
7971
4045
5695
3205
5137
5421
4259
4732
907
3304
9486
9867
4277
7298
4030
7401
4029
4238
6655
6753
7661
4627
4182
8502
8773
9930
9472
8306
6423
803
4482
3399
7034
5941
2548
7562
2255
1145
6304
548
7864
5676
1829
5276
3066
4340
7963
2078
3679
2809
6910
4825
557
988
4211
1636
5850
322
6819
9574
6533
875
6943
845
7670
4509
7411
7683
3586
1657
4740
5187
9862
8874
5555
1761
3400
3285
285
3472
9105
8534
5516
3066
6425
720
4926
7864
4431
9336
6731
7555
6408
9207
8933
1675
3133
2241
6690
1955
8332
2244
6547
5155
2498
6716
8625
8181
6024
8346
3476
2427
3337
5321
156
1955
7606
4285
6569
2601
3662
9456
1046
7064
1236
1594
305
3115
308
5758
5960
1602
4202
1070
2937
3917
4904
8233
6962
2983
5860
3810
4552
9681
5471
3561
5111
6219
1972
4006
7118
4771
8317
4992
180
8789
5987
2016
2091
6980
3917
2191
2206
2359
3805
1053
3535
3056
3804
2480
7225
4323
2438
1853
6960
3841
4031
2927
7075
6151
1475
1823
716
4928
1580
6023
3825
4029
589
8369
5492
2238
7165
4345
5374
6416
3627
6659
7030
6001
3311
931
9611
1602
7268
4192
3410
2173
9616
8938
2113
2149
3230
9114
4812
8430
7674
7900
5513
2430
8454
6929
4739
2078
3604
7574
4872
2482
3373
7187
4358
5587
8204
7023
9257
2951
7985
8265
1980
1431
5248
9332
8759
7036
831
5017
1661
8454
8216
2990
8651
4899
24
4571
8469
9157
9604
3690
2430
2016
7304
2826
7090
1125
6451
9793
8117
5094
9489
4223
1738
7744
1431
4429
4459
1379
1825
9924
5197
3163
5754
829
6547
5505
4426
4455
9674
7356
1239
3702
7279
1914
2954
2402
4075
3170
310
8317
4674
4026
9985
7310
3748
8456
2592
3293
1186
8385
1994
1337
9479
9154
4557
4285
3350
7244
3543
7959
5215
3573
8980
6468
8367
3114
8755
6746
4010
8178
1385
9570
5848
9338
7240
466
7726
6156
1589
1743
182
8802
5021
9495
6420
6494
2196
2244
2305
5563
5719
5601
9348
9196
4587
4293
3784
4734
2191
8637
8704
1231
987
5055
4369
7514
8258
1565
9811
4260
4961
9392
8708
6206
3560
1280
7635
6400
504
7565
14
2587
395
8696
4593
6515
7681
1645
3389
1356
4038
9947
8928
2987
1626
5789
1626
1924
168
5377
7187
8742
549
1822
6885
2809
4036
1272
9168
532
7085
7903
6130
6754
9175
1425
5221
5177
3397
9887
7869
7732
8470
2249
5960
5976
5479
7033
6156
554
7574
8682
3458
4037
314
7880
3741
2413
82
5416
3884
211
1272
4523
221
3875
530
7356
9369
4509
2601
4772
714
9062
824
7891
3045
2334
8250
4772
5345
1286
5565
3423
2371
6372
3300
7615
9199
3825
7048
3556
448
3931
2557
9560
2348
6269
7146
4835
7031
3577
1886
9723
2708
4884
4449
5138
5369
7261
1190
9416
4961
4492
3701
9554
305
7762
4926
5003
9291
1372
2853
1667
167
9556
6274
2530
9659
9898
9448
5758
6641
8174
5402
4359
4093
9055
4423
7743
7408
7178
9293
6689
8366
7872
2962
8307
6505
2259
9348
349
8676
3549
1127
6767
4498
5428
7931
8080
3257
5140
6538
2824
2383
3171
9479
4928
4425
9764
9252
639
3883
6305
5596
8862
6724
5595
8391
572
222
9019
6305
893
1773
9617
8981
2105
2828
146
408
7909
8437
8416
5537
82
2385
1345
9293
6619
5200
7842
4282
3056
9135
1049
8996
3488
3093
8778
5197
1391
1580
4013
2844
7236
4775
5023
4534
9143
3982
4126
1925
9240
5531
1663
1843
6943
6865
9777
690
1353
1031
5124
2027
2606
4854
5121
1268
5626
1512
7612
3842
8716
4498
5255
2088
5111
732
4303
8284
476
2793
2640
5545
802
2064
2600
1106
2252
4238
3113
5574
1816
2933
409
5034
4188
7661
5419
6910
4272
2964
1983
1
9435
5724
453
6745
2443
4083
9845
6765
2330
4743
656
182
6363
9508
7210
3128
7249
3647
9632
8213
6772
6811
2809
3212
5783
5843
8870
3919
765
5853
7356
5050
5009
2440
4435
3576
6326
7854
7518
779
5104
3447
222
8853
2737
8085
1397
6360
7713
1695
2391
8162
7046
5546
3222
4567
1891
2104
1483
5624
1225
3459
5302
1060
6704
5451
724
8010
9004
8016
5407
9252
1075
1607
3259
6938
4596
6254
1554
4191
9280
1572
6544
7053
9723
2129
4967
3060
2232
1670
6588
7353
6876
857
5574
631
3103
1267
3656
4551
7496
1632
9403
7123
2456
4498
446
2489
8719
1691
3067
4970
9489
9723
2171
2752
329
7452
1893
2398
8716
4509
4437
8499
4126
1760
6368
7413
9723
1828
6739
4128
183
9035
3271
6715
5507
4946
6701
1237
2530
4386
8106
283
9753
5921
5149
568
3069
404
2011
8006
2787
3271
9786
8074
362
7536
9275
9038
2518
1033
6442
431
1681
9035
3990
5961
9494
4649
7035
9861
5420
1568
8175
1
5710
4202
9169
7385
766
1026
6595
7436
8170
1403
7709
325
5060
7017
8062
5466
9668
4661
5222
4033
4698
2404
4347
3913
2921
6987
1461
4740
568
1005
70
3468
8887
9453
784
6822
8841
4033
6155
4766
113
8594
3066
9611
9715
7785
8733
7083
6270
5370
4929
1983
9698
4192
4561
6149
2118
4356
7009
1582
2088
5078
828
8417
5205
6452
1467
3532
2115
4740
2117
4272
8140
4334
7500
7718
6652
6996
4379
4641
8758
1818
4746
3825
1009
9501
8951
166
361
2255
8182
4250
7643
6866
2149
6324
597
4704
2354
6184
1753
9281
3569
4382
2891
2803
3502
4114
6293
6207
3069
4189
8216
8893
572
9530
8951
8471
2519
6106
836
5074
5169
9789
1245
4021
2671
6607
6086
6488
9683
255
1517
5938
6163
6049
6943
9011
3675
8538
4589
7484
8407
221
704
6125
6641
808
7957
3009
2603
4447
304
9990
5243
4594
9332
1862
4562
5991
2614
9721
7900
8216
5505
8741
3558
2530
9220
7864
8273
5781
2601
110
1865
4025
6002
2953
7568
492
4800
4739
1049
556
4512
6793
2517
7119
9240
408
8603
1158
4689
2791
4916
1654
3452
4656
8143
2611
3674
4174
4753
570
2402
1390
1967
2153
7864
4459
3093
8077
4358
1739
1858
9725
311
1940
3153
3956
9479
5585
8471
4177
5872
1403
7615
7974
9623
3369
2335
4043
2549
9368
6348
413
6765
7258
167
1064
9723
4358
7999
1757
5406
1484
6165
4345
2858
9009
1663
5177
6530
9386
7402
6927
6915
987
136
5409
9805
7779
690
87
4732
9961
9411
8152
4249
3373
836
859
8048
5345
7822
1170
8889
525
5613
3472
5594
4388
9551
8749
9740
5321
3875
9599
6499
933
897
2753
6913
2413
8414
9634
793
8778
8993
1213
1388
8007
6580
5628
843
2143
9385
8183
9570
7728
8194
9660
7540
9403
4349
8905
6704
3318
4821
3861
2902
7838
1198
806
6287
839
4774
2781
6061
5559
205
4435
812
1614
3079
9693
8763
3495
1824
895
7635
8062
5995
5050
6183
3539
9989
4740
4030
4281
8730
7290
885
9521
441
9185
6470
6300
7586
3548
6542
7043
4369
5735
124
8009
2965
3938
8645
3669
9881
5103
3199
1980
9841
9467
8319
5262
2833
4612
77
3496
1481
3252
3317
8014
6276
4758
4707
746
1005
4047
243
3349
2149
3701
8062
3375
629
8790
3244
6775
9754
1267
5336
5486
6822
9968
8793
1402
6827
2560
8636
4807
4801
9948
4019
1280
1768
6539
8058
7009
4033
8322
1116
2905
3669
1338
5205
7442
9389
6961
9855
2237
4509
7191
6452
7709
414
4598
7516
3054
9297
145
2276
2903
858
885
2439
5598
8408
6437
335
9736
5619
6431
8813
6994
2674
2253
3972
6617
9499
8771
6930
3630
3644
1306
781
8120
3099
9410
8915
4214
1209
8398
5546
7367
5989
3281
9318
5374
5287
494
26
5308
8313
4926
9875
2259
5526
4339
441
2753
5652
9672
6195
725
7974
684
1994
2796
4410
3592
1704
7457
6038
673
514
8773
2541
2084
7036
1572
6933
859
4641
9326
9416
1230
3278
1569
870
1285
1495
82
7069
5437
1314
8473
1295
7819
9029
18
7191
5264
4899
2416
3493
4543
1203
2828
4774
5103
5849
7051
8248
9949
1061
5087
8782
337
5981
7533
4784
127
2613
8895
4445
7271
5149
4834
6072
4445
157
6129
6295
2941
6468
3842
5005
5116
6678
1314
1884
4716
6816
5421
9797
136
1169
3628
3944
4905
322
2086
4329
463
9828
8609
6940
8883
1412
9833
1071
7488
6344
9035
2778
5488
4316
6648
2132
2863
6383
1696
7221
5995
1380
8861
3501
6522
7852
7762
7241
6644
7637
3368
8492
7765
1848
3543
9290
4914
2991
1868
3171
579
367
797
3111
8973
9236
9764
5381
8534
9701
2954
9843
9418
9418
1005
5604
4777
8153
3534
8085
8547
6675
3598
8883
283
2891
5126
1466
1247
4909
4929
8793
9935
4502
106
3964
8061
1625
8897
74
3630
8595
6843
750
320
8140
8139
4227
8761
5628
9824
4107
7966
3020
2154
1826
9535
7622
3418
8233
5689
8078
475
6036
4562
737
8918
5552
5340
3495
9081
7361
5063
2724
3211
8857
4486
1637
3684
8235
5245
1177
2121
8651
5719
468
9317
1502
5995
665
5300
2314
9259
5105
3710
8061
3505
3244
1602
2646
3373
1810
903
1398
5282
192
2047
6717
8839
1511
9685
8176
4838
2076
7434
1691
4035
8403
1320
5599
4941
612
2982
3833
2121
5798
3505
7319
4563
5769
8185
1464
8019
2372
2080
3983
4542
3701
339
6095
115
479
7633
1
2048
176
9509
8369
4109
1612
7849
3117
5711
4584
5702
4325
2371
1703
8433
3342
6252
1043
9978
2135
7213
2927
5200
8676
9229
6484
9981
3532
2687
3571
6824
2781
5546
4486
538
8118
2636
315
4641
7295
7051
9547
1520
8568
707
6404
1826
311
5236
4838
960
559
8083
3915
4915
5974
1911
1978
8087
5741
9680
4444
3556
7859
2696
9795
7683
1257
6606
7070
545
7705
1
4326
8778
6851
5855
7709
5970
1269
1777
6313
2254
9831
195
1657
6966
2680
4774
9942
3756
4025
3233
3152
4158
9112
4197
14
7326
5011
1013
8726
9529
5761
129
6422
6895
2515
6835
110
6442
8415
2104
1628
7087
8696
7540
9617
1470
213
4280
989
7201
3211
775
5126
1518
4376
9674
4529
1081
8958
6946
5833
8856
718
8324
5738
9071
8466
5782
4086
4895
3054
2279
7078
3125
2434
3917
5869
991
5074
3220
3012
8489
7693
7036
6960
4583
5058
7404
2552
4293
5427
6497
6044
2702
4704
80
5745
7409
4301
5530
3229
1781
3048
4528
4182
3052
8862
1604
147
8241
5365
9616
483
4786
6165
3670
8465
1568
1870
191
1879
4468
7954
5851
4380
2770
953
3812
754
37
1
3715
8793
1338
453
937
1477
8717
5561
8837
989
1518
9440
2879
1858
9512
3750
8501
7039
5369
5225
1741
7053
1522
4724
843
4883
1753
14
8586
4276
7086
6649
9515
878
8803
3856
359
6051
8456
6274
8004
4292
557
99
6736
9674
9422
7004
3709
3551
4281
4964
2230
6919
7829
1015
6505
8376
1215
3206
3630
187
3519
7856
5709
6367
1122
870
5991
5537
315
4202
2907
1896
2944
7875
7412
1706
3645
2946
3012
2223
9730
9024
1158
4259
2576
3088
1654
4889
873
6918
9052
5216
3480
5581
7483
1907
5971
6689
3283
8223
9917
8665
9670
5604
10
750
2032
9935
7586
1572
3023
4038
7402
1847
6093
9616
3268
9551
2196
8233
8143
3503
1185
1473
8651
7464
3584
1988
1293
600
697
1320
3990
399
5786
2041
931
7713
8127
7172
7122
4860
3117
7334
809
6816
5023
8080
563
570
8027
1595
2115
8624
3330
9244
7026
4792
9039
5424
7709
39
4775
7394
4841
7356
8350
1036
3630
6551
4049
7077
9497
4229
8100
897
4762
130
6889
7161
4532
3307
4674
3392
9343
8900
1408
3654
9442
8897
2547
5146
3759
6808
5903
1565
4607
6814
9321
8566
3776
5786
9800
4816
441
7470
5417
2362
8542
2305
7473
9633
211
6075
8665
4338
2456
5612
271
3577
4581
6181
1330
3842
8215
1546
3134
4192
2458
3695
8866
8726
3638
9033
5365
8269
7854
7670
1810
9322
1794
6943
9584
8963
2074
1337
3375
4490
3166
7154
3440
8492
5486
235
1858
9658
5585
189
8606
3216
9336
2271
5856
8241
9648
2092
5745
8194
8990
7922
4625
3147
5205
8511
8778
1481
7316
6425
3925
4369
4498
3579
6515
3149
6416
5984
8137
9746
6384
7069
2613
7221
1489
1230
6707
4736
5632
441
8858
3748
7715
3010
7250
6913
2666
3532
818
1417
4593
1785
5783
4411
1207
2241
1886
6738
6951
6753
5745
4779
5515
509
7678
3093
8816
4656
6948
7816
3883
994
133
3299
686
1129
610
6505
2544
4511
3665
4953
832
834
1897
2078
5421
9295
6962
7356
1089
7484
2924
3114
8240
2429
7874
5035
6657
9925
9354
2573
1126
3744
2092
5496
9026
658
6348
3283
3218
9505
1335
2784
3602
7710
1598
9446
7649
5305
7318
8381
897
4473
6324
3660
6061
9264
7988
1682
9832
2329
7538
1524
4091
5689
6223
5243
6130
7268
2687
873
4976
6286
1619
1078
3911
3628
486
1721
495
8922
7866
7244
8648
7122
2628
6916
2494
8716
677
3316
6913
5750
2095
6976
1394
9021
3047
6746
1603
3005
2795
7083
8052
2036
9011
5410
316
18
2003
639
2994
1148
1191
4190
640
1782
9960
3007
5830
5529
6574
3936
7317
5526
7913
3760
6065
2311
1711
84
2330
1666
8595
8839
5684
3428
9586
2258
3670
3528
3860
5688
8443
1803
4516
3167
7856
1582
7272
6071
8075
2600
1274
6874
5377
4621
9424
3768
2735
9994
4451
4856
5327
6551
7327
3310
6677
988
4562
1185
3175
5679
8763
5395
3342
7574
7024
9421
6285
3356
419
8541
7333
7375
5287
4119
4463
7728
9185
4953
4328
93
4901
309
1190
5404
8062
8615
8393
5275
9835
1521
4546
9976
8586
4787
136
199
7069
298
1947
5288
4823
524
9771
1274
8600
8350
504
3684
4068
830
1921
1466
4930
824
4739
8811
7464
8430
5394
4567
7064
2759
7471
9961
7653
9927
4014
6375
5881
1089
6980
6221
533
3038
8046
221
9035
3472
5559
4337
6120
8195
7160
1611
4205
1371
572
8895
4334
7974
5267
6223
7826
4331
4214
6237
2508
7721
5321
3701
3576
8456
2724
9208
9370
558
7341
3305
2450
987
3093
1753
7944
3861
3636
1293
5909
9473
1640
4586
1754
3682
7329
3887
7052
3881
5869
9611
113
9003
6408
4267
3051
4617
472
7274
6711
4278
6425
5377
5850
1015
1813
870
2216
462
8258
4269
7514
7651
7686
1005
1283
5955
8430
9069
2111
6367
7695
2694
4890
7833
3252
4740
9681
4360
4562
7176
9479
9655
7793
783
9277
6334
9253
2385
563
5729
7069
9839
3656
7568
1623
7114
3803
2440
1231
4873
5771
8042
8774
5722
8309
8484
2078
7931
7255
2118
1806
6249
1415
8245
2467
7944
3247
3185
6865
6825
2820
6182
1190
2076
9418
8534
2592
222
470
1
7890
9021
6811
2186
349
6918
4163
2425
213
1757
7003
4747
155
2272
9114
1518
4401
8344
8841
1263
1769
448
5622
5881
8141
4125
5613
5756
2459
7167
7826
75
6526
3836
5327
4720
5033
5920
2585
1
6976
8089
3080
4083
8428
3438
5565
303
2805
6808
6670
1381
1545
3660
6223
5407
8897
2631
8768
1704
9907
8397
5448
8087
6532
2312
5440
6355
9617
1957
6169
3950
1284
7755
9013
4033
7599
6960
106
7778
90
7718
5190
4973
2039
7952
8566
4716
849
6827
9123
9254
3605
2553
4286
309
7542
4922
1132
6085
1718
5753
1939
9874
8537
6236
1802
4809
7747
3651
6567
4438
4276
1385
1704
4447
9995
6269
8398
5124
875
9098
5976
3536
6661
3518
3548
3519
4535
4347
6636
8011
583
8499
6010
1143
2460
4968
9530
7414
3253
1294
7492
7765
1657
7088
4000
3722
120
6913
3761
9248
7033
2592
9870
694
6706
923
5359
3567
4454
7622
2608
7925
1581
3171
8728
8009
8062
3392
1703
4318
9585
9341
3864
4093
4281
2206
4878
283
9447
9179
5470
7856
9739
3558
2906
167
6274
1407
612
7034
3815
7856
5516
8182
4415
888
7912
3792
7359
26
3310
8660
4345
3420
3697
8984
8660
1577
8219
576
3475
238
5735
2331
4913
8118
1159
6291
5653
7161
1636
8202
6843
7064
3257
2820
9025
6654
7574
5339
1955
7911
5284
1203
9446
8922
8951
3230
9271
2055
5972
527
63
902
5365
4867
5559
2049
6385
8657
1511
1877
7683
1161
5978
9618
3993
836
6730
4818
9199
3851
509
2884
8685
6962
1631
1205
7046
7574
50
6689
2776
5827
2925
615
90
1735
9479
3991
4470
3745
7959
5219
1589
6940
6853
387
1628
4801
2678
2272
6813
1732
9793
5251
3798
4786
3622
2074
2532
2053
1828
1876
499
8265
2557
7945
3347
1804
7598
4251
3673
7290
8814
5272
6639
4562
4619
6162
5758
9286
7545
5397
5917
1279
5262
2832
9898
9672
6971
3953
3171
9417
2816
8454
8382
7917
8939
9348
9255
5430
4701
3198
978
1655
540
6232
6751
7181
5328
1090
5407
9817
1960
3467
4415
9288
388
7780
339
4806
2541
8436
7475
4328
1110
51
3744
2458
4231
2411
6695
3534
2362
7630
4796
6491
7274
7182
8889
3644
5436
9484
4097
2828
6676
689
8591
9138
1471
2023
5807
1340
7675
6916
4252
5618
38
4301
14
971
2887
3757
9853
969
1499
4967
6162
9417
9236
3217
7775
1340
7946
7114
1265
7652
6543
7666
9321
952
5792
1194
1289
1417
9074
6310
8651
2330
3444
8528
2921
5565
5318
8990
9416
8842
335
1524
9670
4962
4297
5928
2600
5824
1921
3609
7568
7069
8356
8384
1651
7828
3970
1186
9392
8356
7733
4395
5911
1321
1984
8953
3534
3416
3375
1812
6704
3762
838
5888
8568
3571
8665
578
3798
3825
4162
4746
3311
3693
1858
4162
1205
7048
4881
3159
8588
1529
4011
6001
5636
5797
7075
2500
3805
9264
8750
4324
9817
9547
1657
6206
5200
1632
3669
9464
86
2974
4881
3429
2464
6482
8223
1615
1960
7326
6120
2987
8145
5270
381
6811
5321
7464
5856
3543
3916
6089
1633
266
1
4378
4881
8087
9867
5199
9214
8793
5288
7744
1374
5247
3870
6487
5561
2725
7104
2349
3611
7478
3064
2195
4097
9185
1513
510
7163
3543
8202
7119
5601
8235
4122
2262
4823
136
3316
6858
1886
7656
2453
2254
8862
8089
1858
3544
4893
8955
3842
6932
5441
6827
4732
1315
6171
2041
7619
6425
2007
8508
3742
1320
9654
4593
8676
6721
1141
7463
8590
8436
647
7340
4574
1396
8182
7731
9080
3560
3825
7184
6652
495
6334
1101
9926
1215
9710
7815
1321
4742
3863
5738
4331
614
183
1283
2135
9318
2232
9236
1033
7182
4747
8946
7777
1140
7178
1761
672
3702
921
1645
5308
7860
7196
5651
5529
6885
1280
221
7439
7191
8014
1892
9166
1777
6502
4509
4621
4828
8519
1669
9109
4097
2066
6115
6418
8665
6987
9241
9433
7558
289
4826
3717
2592
3495
1868
4746
2774
8746
3836
8266
5421
1101
5641
3212
5369
7138
9170
5216
4562
2450
3211
5033
8250
6192
3897
7733
2603
7872
1753
8443
6515
8009
836
6834
2601
4723
6462
3912
3189
4922
7556
9230
9758
567
7282
703
5730
222
1636
7320
657
724
6976
8132
1242
6470
4035
8446
8664
3356
1649
8233
7360
6863
4445
5737
7649
4629
3876
4362
2456
9504
5275
1505
4858
4552
3401
1629
6912
9365
8749
1987
1912
3350
5252
6515
7931
5600
9035
5994
4081
5849
7997
4168
2151
9664
4926
7878
767
4878
9023
8443
5105
6875
4900
9100
5131
4041
7267
4691
4461
9999
3668
2312
5068
9707
2456
5505
656
2395
3073
3543
1743
2064
9007
6079
9632
8490
8009
1394
1340
5245
6639
8761
461
7070
222
6662
4022
424
5161
395
4983
3544
1753
847
6644
5407
6039
9680
3531
6149
7670
7082
2438
4326
3277
3440
17
2423
5351
4773
5646
2338
8209
7558
6541
5663
3131
1397
8385
6611
2092
130
148
4732
1338
7653
9338
3543
2744
6265
5777
2186
9909
9940
4152
3171
5829
453
1082
4455
7542
7455
9291
307
303
7317
2279
7756
9220
2440
6550
7028
7836
1603
8252
1753
5608
4792
2986
4155
4254
1976
5488
6533
1957
9547
410
4786
3208
6227
3072
3604
3007
2990
6639
7219
8211
335
8499
2588
6684
4301
4287
1899
8915
1760
393
7679
7406
5530
6929
9611
6751
7947
4529
7837
1972
2241
5584
7449
6557
406
824
428
9455
5240
9701
441
1996
1526
203
4953
438
9925
4609
8729
5136
4062
9551
2889
6115
3170
8965
6082
4539
7775
3230
7597
1089
1105
7586
1321
4462
4962
4825
797
6654
3165
4408
6171
196
5104
5976
7456
2984
7630
5470
4411
1021
2223
4881
4188
807
6018
4889
74
5952
7254
970
4041
6223
1089
2946
9388
3726
4836
8706
201
96
8106
4451
6106
7456
824
4327
3718
1524
4552
5671
5874
6519
7740
2749
446
485
4535
9845
9413
1972
1193
7467
3158
9291
3701
7085
9795
6221
1641
2965
590
2187
3377
4008
8242
9111
5238
2006
3820
1837
2112
6442
8727
3421
7275
9359
6422
4604
4774
4434
7547
7348
3615
5248
7082
583
5991
2820
6922
4248
7033
5694
4332
3323
5849
4830
6114
7230
6599
4059
5603
3596
5995
1259
3348
7317
9237
3145
720
1645
5600
3666
510
6629
1389
2069
9690
4286
7941
210
6066
4490
6127
5028
161
9298
4961
857
961
7759
2663
8532
898
6943
8066
805
6252
5561
1625
6100
2736
9805
9973
7208
1961
9402
4938
8376
5361
446
2534
7540
3961
9348
5146
8456
6550
1482
6131
8911
6502
173
6987
5591
2327
8295
3206
3145
8118
2883
3308
7856
873
544
7475
1642
6880
2757
9538
3916
1338
2729
6807
3925
275
2248
1132
746
2560
5061
8522
4140
7487
441
9753
1125
2011
8870
8646
6166
2225
7762
9017
583
4823
1269
7991
6036
6090
9368
4188
6013
946
6259
5453
4570
7854
9852
9953
9100
7841
7527
2178
2600
3722
1797
2249
9094
20
3392
6318
8274
2111
1620
3936
9924
825
9640
1389
9117
1396
7539
9949
8065
4486
5577
8163
4582
7907
2944
8651
9581
1419
538
2271
1843
4461
4818
5745
86
1346
6061
8741
4800
2927
6741
3459
2326
3701
767
2586
2041
2544
7496
8622
3190
4738
4712
7586
480
6987
4141
6330
7901
6274
6452
3255
2335
5087
3393
4835
5177
2180
3710
5415
209
6822
2964
8817
5756
3379
269
921
8557
6950
6180
8697
5792
1619
2480
5124
4930
7789
1811
779
213
6439
8534
7674
2879
3691
1352
3081
2154
5756
2856
1848
5735
1298
2111
8534
1200
533
9637
3239
9632
9334
7144
2252
2196
5775
2242
985
6153
982
2373
2667
8151
5595
243
9756
238
690
104
7830
9991
1287
6419
9049
9574
7257
6849
4445
4909
4297
8498
883
6660
7254
8824
5530
798
1032
6648
1043
6903
5124
2990
2953
8708
215
5941
6834
3835
1986
3566
9730
5043
5050
548
126
3744
3558
9118
9011
1119
3171
8974
3187
8202
4992
3627
2241
1284
1657
7661
4470
5208
5131
4019
1129
9978
9484
5849
6491
3931
8990
883
2694
6286
4643
8694
1572
7470
7791
2104
8287
7771
7386
4550
4510
6186
725
4430
7341
3605
4250
4862
3615
5932
4118
2003
5889
8023
8446
3815
640
7368
369
5729
2567
8862
7498
9862
5353
5581
1322
1821
775
4845
3602
5119
9853
104
3201
2724
2491
8061
412
3348
3777
8839
1539
9664
978
1584
5722
3422
5652
3674
4806
6927
1266
8637
2987
7717
9811
7780
1503
5191
3363
4208
4926
6433
1338
2843
8680
2143
2908
3600
718
7275
1511
456
667
9501
1507
6404
7932
7598
6933
5608
6894
5647
1512
922
158
7855
8612
370
7627
941
1689
4231
605
7270
2591
3825
8460
7937
2786
1568
583
6943
5092
6960
2734
2944
1143
5722
5192
7492
2809
6172
2508
525
8247
8318
9322
9175
2003
2749
2768
90
5025
8869
2362
3346
6068
9423
7771
8162
888
7271
5078
8763
38
5758
5564
8649
2076
7822
3941
6908
7839
1849
2102
8460
4061
1247
2842
976
2664
1233
5486
7759
3093
879
9293
9293
7138
1373
292
3682
9105
1315
9570
1345
4601
7953
9396
7103
3093
2234
1476
1142
1306
1293
2674
1438
4824
216
5599
3956
720
3560
6788
4192
9959
8454
1921
5722
7239
5050
4829
2149
5919
8456
7081
6538
5484
7712
1061
7239
533
5703
6599
5296
5908
5074
2965
1244
6383
3379
3125
7183
4278
7803
7872
7128
4342
3560
7269
676
3884
9735
4909
3349
3556
3915
3569
6823
1584
1604
8422
6098
4705
3302
9286
894
6156
1524
1945
8974
7346
4195
3822
2415
5233
1440
3145
27
8253
1632
6918
8484
697
964
8630
4895
3856
9584
4750
9606
5436
8682
3118
6679
1894
4510
949
3423
4807
399
9297
9227
2934
9369
2115
9645
2046
6257
3095
3140
921
8303
1144
3434
859
2841
8146
9347
659
9168
5200
4743
5353
4459
7119
533
4509
3012
8264
129
4028
8376
3140
2528
3455
3764
4941
5599
1101
9027
8783
6641
995
9920
1472
7568
7302
3902
4509
4560
9622
4597
3710
4028
9287
5999
4112
4169
3048
1884
3891
3078
4816
1314
3066
2784
8172
2891
3477
5406
7384
9955
564
8993
5628
9870
1670
8858
5358
46
6441
4639
1713
1420
7670
3590
7244
2604
9338
5184
48
262
556
4339
3459
8441
7480
9086
7836
6447
3198
2781
3171
3668
6595
7838
9055
6101
453
8597
8376
3171
2104
2700
2335
354
8597
3093
7395
4721
873
534
5029
1006
7135
2872
1062
3513
7544
9987
1324
9058
9707
6305
1266
8842
5824
4916
5626
6149
3762
1833
3670
1431
2396
4452
1190
3657
1470
6922
2453
167
1714
4825
9715
4391
7161
3881
4177
6018
442
3016
8016
3378
3468
613
2679
7800
5887
2849
8067
2537
5754
1145
4752
221
736
902
9909
3054
5559
4438
1945
1107
9856
9294
7854
2437
491
4584
4739
9328
9817
4858
2958
1825
6938
1186
6394
8487
9773
5738
1986
7221
3933
9486
1064
7190
9454
7290
7608
7348
1940
2446
7224
5558
9257
7030
5105
1961
5132
9338
1771
7023
2967
5679
7799
6455
8077
5470
5439
3225
4849
8739
5887
4019
4122
3360
7117
3378
4100
1957
4837
8175
9930
893
746
8960
6172
5277
7865
7500
3272
8778
8148
6188
9435
491
6741
9725
1642
8953
8327
2333
5716
897
7421
9120
9369
8388
7282
4858
8889
2969
8180
9387
1463
3049
4632
2465
7035
9113
4621
9961
6137
119
1503
4790
3770
943
3615
1118
2891
8047
989
8432
703
5150
3475
9194
3196
7254
607
4523
1006
4427
9002
6868
1177
768
5270
3615
9874
5570
2062
8033
9734
7368
8151
5905
9328
8944
2872
8089
87
9557
8235
6066
2393
3238
6039
3641
3736
74
200
1119
28
3931
9715
9311
5402
9659
9116
4342
3615
8495
370
9841
2231
1543
8525
5147
9622
4030
200
2184
3820
9205
4836
5516
1660
7982
1783
9924
9623
4482
8314
6780
4906
3657
6408
2096
1699
4001
8612
5474
7030
8313
1585
1566
5217
5942
4850
4199
9187
6641
9871
3654
5247
8614
409
3577
7635
4907
9699
8369
3271
6641
4013
5715
3892
4774
1968
8116
2933
4373
4743
5827
2905
2640
1421
9418
110
6323
7795
7339
9662
6227
8810
2292
6150
3751
170
974
201
1334
7931
6348
1836
330
4192
9516
2857
5558
9153
9197
4509
5104
6087
609
5689
8486
2467
5198
3715
880
4712
3072
8446
446
3815
9852
2471
1734
9465
3868
814
5780
5558
1914
657
9201
5537
6127
303
2768
9118
8854
7429
4419
1386
4859
8773
2582
641
6191
5037
8246
3628
7152
6328
7013
6115
4937
2986
1503
8216
4169
543
626
6497
6930
6737
6334
9805
1713
3957
4329
4123
6907
4862
2781
5967
7849
5034
6725
6407
9793
7218
5797
6968
5137
2601
6526
388
3273
9453
5559
842
4389
4041
7496
6612
3204
7323
7854
1056
6044
2180
9848
3777
552
8035
6753
1848
6292
5166
1778
9420
8540
7640
7614
9907
9749
5534
4667
9773
4394
4967
9856
577
4529
5061
24
3460
999
6451
5952
3971
7057
5850
4688
9961
767
8121
115
8314
3693
6793
1421
9445
4737
3615
1422
1575
4287
7367
3642
493
5185
5103
9433
5407
2579
8727
888
8946
2615
2256
9896
2628
8046
1765
3453
5758
4738
3730
6350
1673
9961
4438
8839
8434
956
9984
9501
4001
6927
1917
5587
9648
5759
3720
9870
8046
5738
8444
216
4237
1874
561
7728
2109
7328
9368
6893
6193
6312
6314
2511
39
8164
8911
4596
191
2443
696
9976
2349
129
6182
4015
6455
1293
3837
9611
5275
8089
4911
8195
7030
8645
5072
7731
9114
4397
7602
1816
7019
4706
3397
7017
4046
87
8302
6230
1637
6201
7412
385
7170
784
5313
2439
1565
6538
1730
9803
5574
9307
8727
8819
1
1243
5155
8186
3477
1556
2078
8594
3080
3946
8520
2999
2335
460
8822
3272
9915
1323
2450
9747
8793
4326
3784
7035
7987
3424
1402
9325
9995
577
3215
4622
3437
829
4747
1585
1161
1431
8814
3083
9611
578
378
2330
3318
9874
2208
5909
4327
1729
9290
6377
8114
5050
3660
2412
754
8264
2423
2362
8132
8841
3133
3422
6104
8066
4550
9440
8895
3531
7447
7154
6515
4693
3956
8206
1575
6137
7264
4046
238
4463
4328
4818
92
1261
7531
6273
4358
8434
5105
4860
5496
5689
6051
5327
5318
6973
3494
1893
808
3732
5690
8311
1259
9208
5453
9175
2062
3863
4574
981
8111
2839
787
532
1886
1909
1649
4582
9984
8768
1968
1642
3119
1046
6829
9572
6599
3697
2530
9830
732
9987
839
5478
5754
9874
5111
3304
5888
7398
6211
2844
5565
7179
2915
7171
4890
5407
3746
665
8178
4389
7375
7464
2508
4740
8274
5275
9115
6293
6140
6573
7928
8665
2111
6757
4347
7036
6330
362
7710
4977
3317
4601
9253
5663
282
9411
9530
3609
8050
1743
4342
6943
9369
2535
4454
9236
1297
9579
8757
3392
5023
2439
3118
5091
3277
1671
3365
2857
8137
3039
9035
1813
9344
1430
8857
8606
9029
8909
7234
8492
8181
904
1519
3347
6114
1798
7179
9374
3999
2418
1699
5693
1511
2791
8260
4356
4721
7085
5028
6538
1328
9880
5807
5453
7640
3784
7974
1944
6580
3799
5967
9035
3598
1435
9664
3872
7356
5989
7040
7114
7187
5644
7669
1757
8393
9721
7935
8664
6400
111
7547
4728
8897
1005
6372
9984
7461
2319
5942
7174
7704
3188
1883
2986
5887
3576
2960
3099
4325
4998
5987
5992
543
6147
8636
3908
3815
8830
787
2237
5800
2567
9117
6931
6962
708
686
2692
7245
3815
7115
15
3003
1962
4612
1939
2184
721
9507
7613
9172
9617
5148
6394
6930
4169
6505
963
2022
4438
8498
3560
3271
2927
4119
9370
3396
201
2553
2232
4189
4606
7174
756
9855
426
8456
6827
4168
3988
2290
5778
6416
4736
46
165
5427
3577
3272
2437
3189
1626
4348
4174
2190
3048
6215
4649
2613
5981
3451
9819
3437
4056
8739
4655
3620
7106
4276
3999
9987
1389
3886
5690
9140
6223
317
9685
8079
906
8291
5138
2102
4604
7854
5111
8665
3061
5632
7762
3126
4391
1522
1600
3952
8118
3969
5918
8188
8802
7105
4170
7461
857
9484
468
8191
2362
9548
5002
6468
9670
2482
397
1590
4405
5869
6545
3302
1472
6824
8412
3154
5971
5148
9697
5337
4757
773
9871
1703
5570
1257
7959
9373
8471
3212
7619
2885
1812
270
7670
9070
5565
6519
7353
4122
9386
4217
8028
8217
2491
2685
2115
7018
8529
2970
3259
4791
5954
1563
4028
7257
9315
4689
756
4998
4049
3861
2367
4184
9231
2053
9495
6204
2489
7174
1569
4238
8132
9275
8927
4597
1821
7871
4189
921
2818
9208
7580
9337
3689
8614
9900
1507
3575
3907
441
8516
3340
1551
1279
7332
6779
6717
8718
8484
3699
6370
7664
456
1495
8905
9898
7514
2427
2967
4607
7033
1651
2628
4664
4045
5575
8758
6662
4653
1658
6948
8871
4933
3209
265
5252
9775
3547
3421
5783
35
3495
205
239
7568
5855
4650
935
3171
8630
7355
3230
517
2062
3302
2393
5133
5638
8209
2208
6068
6025
9368
5559
680
8205
4829
6334
5050
6657
3368
2750
6807
9205
3485
9050
4683
3437
8162
9585
7651
3598
7838
9664
3126
5050
3919
8062
8410
8401
3801
6477
8266
3669
5676
2231
9734
4889
362
3670
8968
7492
6896
5559
4459
9495
8284
6046
2601
4407
1970
7094
7457
7944
7686
5845
9293
1154
1062
4216
7732
8145
8741
3792
2212
7361
1394
493
784
9305
8065
9368
3185
1926
6918
1858
1306
1778
3066
1272
4950
5786
23
864
2206
614
9987
9787
209
4676
283
4826
1145
5928
4281
7170
8761
4961
5035
8313
9867
7884
3175
2933
2753
5319
8178
8816
5005
7026
2297
9756
9795
2613
4190
3539
4045
2305
1575
5620
8214
7854
6436
5078
1637
4570
2966
4033
4962
1200
5035
2553
9029
3006
2726
6708
6842
2985
255
2546
2915
9840
9470
9976
3351
7765
5381
5327
9547
5328
5781
8127
6010
6847
8350
2458
2877
5698
7710
1505
9967
9809
1192
9152
724
4503
472
3252
5912
9880
8156
1
7515
9029
7516
4770
4127
2828
783
7836
5470
3612
7884
5240
1932
7482
686
6835
6999
1419
79
6689
5771
6694
3257
389
5537
4958
3532
1761
5453
836
9649
1
578
1733
5355
1363
9579
7497
1572
1026
6468
3667
4938
7033
2363
7826
8381
888
5920
869
5434
4562
4426
8355
9396
8775
1032
5142
2019
3967
3342
3644
1788
8209
7168
4143
7138
3842
3229
7786
8062
9536
8688
5142
5005
7713
3781
6848
9960
1205
6973
6862
7349
2473
6337
3895
2271
9680
3856
6431
2646
3623
7663
687
9570
5222
4673
8939
7386
9411
3054
3093
8472
2937
4950
5447
1518
2194
2396
5278
8035
2249
6253
2190
5834
4290
9174
7313
6815
1277
7633
818
2853
7391
292
4726
7762
6385
7163
9321
4328
2126
7539
9112
8661
5941
719
8085
9016
1205
5459
7762
5034
8793
6301
6614
8077
2301
2985
7649
1190
9326
3527
5265
1519
5243
5833
3386
7167
9719
5938
1
7552
3287
1064
7841
7070
7087
1962
7823
4619
4544
1767
6119
8597
210
32
4784
4838
4557
818
1926
1609
9450
4416
3926
1438
6159
6477
884
1810
4285
5080
9318
8801
6080
5587
8840
4523
7998
1723
541
5588
8778
5381
6095
1753
472
4784
8250
8551
4486
5285
4872
5192
167
3781
482
5846
2282
2027
5697
8273
6324
5277
3672
9798
8485
2751
5881
4196
2893
4867
9204
1378
8601
3836
6062
8123
1503
724
784
7628
3818
3422
2039
9241
1754
6804
7103
6958
70
1859
147
6916
2392
2846
7776
4699
1277
9328
1184
8322
9002
8694
6270
5023
6586
9855
4439
4438
4801
5772
7891
5200
9164
857
2578
4053
6528
6491
1596
8265
7960
5537
2772
2911
1431
2913
8164
4824
6156
2286
6934
3909
316
8897
3956
397
7135
6641
6976
4322
8813
9529
35
2930
7305
5229
6068
6058
7457
2367
3600
5260
8819
3914
2216
4753
7724
9947
4909
5428
5077
3532
4600
3929
6408
6735
1636
8105
7024
2214
1408
7482
3670
5874
1419
2492
6207
1649
7363
4377
5492
4683
7078
5131
4233
8948
555
5453
6010
7424
4029
6645
6206
8287
5205
4112
5817
7479
8714
7600
8375
4122
3584
4502
4774
7640
4877
4368
6368
54
1420
2592
1826
5276
7577
4030
9100
4192
724
1203
8720
8468
6073
3861
6360
124
6940
8488
3650
6740
2818
4237
2930
8594
5449
4832
1206
1660
201
1441
7127
2781
1710
2098
5881
7066
5200
9174
7744
3297
3650
4392
5737
4671
2611
7132
2314
3780
