100
74 43 18 21 21 72 7 53 19 94 35 28 97 36 78 28 47 63 24 84 13 14 92 62 83 1 60 83 7 68 25 38 5 62 3 7 32 13 22 38 48 40 45 86 93 17 67 40 49 70 58 63 76 8 88 69 90 45 78 70 13 7 20 32 31 3 15 91 31 38 68 6 89 54 60 4 2 46 76 83 60 28 52 1 86 66 58 76 75 54 36 45 88 87 78 53 36 24 88 88
1
2
3
4
5
6
7
8
9
10
11
12
13
14
15
16
17
18
19
20
21
22
23
24
25
26
27
28
29
30
31
32
33
34
35
36
37
38
39
40
41
42
43
44
45
46
47
48
49
50
51
52
53
54
55
56
57
58
59
60
61
62
63
64
65
66
67
68
69
70
71
72
73
74
75
76
77
78
79
80
81
82
83
84
85
86
87
88
89
90
91
92
93
94
95
96
97
98
99
