100
15 94 76 60 45 3 62 57 90 76 71 54 51 79 17 2 49 33 53 22 85 13 76 53 40 90 89 30 72 70 19 1 20 21 67 24 56 100 43 64 47 3 94 24 41 14 65 33 52 48 35 14 96 49 24 56 21 22 88 47 63 8 70 99 67 78 67 17 86 71 3 52 10 10 38 90 86 73 60 14 15 70 5 79 57 85 64 41 36 91 94 45 67 33 26 81 94 100 41 40
1
2
3
4
5
6
7
8
9
10
11
12
13
14
15
16
17
18
19
20
21
22
23
24
25
26
27
28
29
30
31
32
33
34
35
36
37
38
39
40
41
42
43
44
45
46
47
48
49
50
51
52
53
54
55
56
57
58
59
60
61
62
63
64
65
66
67
68
69
70
71
72
73
74
75
76
77
78
79
80
81
82
83
84
85
86
87
88
89
90
91
92
93
94
95
96
97
98
99
