2000
69 393 1224 141 163 1108 46 1895 1545 256 841 1757 174 1278 1933 1231 1775 933 1638 936 1555 1297 918 159 708 1351 298 1764 1375 1779 638 1080 727 1515 486 679 289 1596 1530 297 415 1804 817 1420 963 1235 522 278 1354 1680 1473 250 1084 1540 443 1926 443 115 117 791 1247 650 16 146 1623 367 1488 1780 1741 606 515 1099 1694 381 305 1814 1053 1446 1800 606 1795 1490 555 925 357 559 540 1761 1820 1673 818 1832 1311 337 1481 1184 1622 58 1871 675 800 1417 923 531 1881 1817 385 1601 1398 1983 456 1903 1658 1183 685 1823 1173 825 1136 1533 1630 1012 1814 16 1472 490 1329 1485 1634 1065 319 1028 1373 577 839 867 1593 1037 1726 14 81 1769 224 1521 1863 1094 999 321 1463 217 1985 1769 436 1971 1884 144 1606 1557 1646 984 248 658 1195 1287 649 925 798 1743 705 1820 1908 1877 811 355 1991 1740 769 531 1977 36 1624 1723 187 186 1573 866 488 1508 158 766 1876 1123 1783 1349 1603 490 388 1587 687 1317 1036 813 435 1103 925 791 1697 198 1385 1271 781 1519 202 125 109 233 287 1960 939 909 310 967 1547 1506 310 879 1626 841 605 1819 1825 1524 1083 1772 1110 1737 807 1980 89 4 1041 238 77 927 401 1365 1330 823 1501 1585 801 1864 745 1428 419 937 1934 826 434 991 1272 723 110 1624 1775 1590 1 177 881 1290 1593 591 1899 452 1771 677 972 925 29 116 1768 1528 1876 595 1547 86 146 692 258 1863 303 1352 807 4 1904 1007 1748 36 668 862 462 383 989 1071 1120 123 1339 64 1321 1004 1400 1467 1158 704 1511 942 1397 1584 1507 1887 823 1491 273 942 785 1908 1993 755 893 345 413 653 378 353 1650 409 1662 1910 568 1304 1495 1160 1361 1370 1036 1999 1093 598 5 1176 231 1256 648 1089 349 958 1952 134 4 872 410 419 1345 719 300 1210 480 476 986 1486 374 1125 1288 1541 902 684 290 996 1463 542 1481 268 835 1719 1586 762 910 1973 1224 553 1477 1868 371 926 1851 448 330 1793 1495 1584 1918 424 1252 1898 535 1048 1380 263 853 79 1542 59 278 1770 1013 1756 1792 1693 840 1800 216 425 652 1935 912 268 95 611 698 392 117 488 10 1080 5 902 422 1693 495 417 917 666 1720 1549 320 498 1713 687 1930 1511 84 182 129 581 1093 1985 1826 618 1240 412 1503 508 903 597 1573 298 214 1066 222 443 619 1134 97 1397 1340 189 311 1562 1814 165 731 461 338 190 1387 1862 1250 1116 1602 367 269 1637 1137 1476 837 1381 477 1956 591 897 1625 1579 727 1800 1062 1754 1687 122 612 1233 971 404 1067 1027 693 212 1232 142 1835 1438 94 860 1677 869 407 957 296 1982 1157 1355 1085 1216 1926 1310 203 1823 1629 1436 1776 914 1058 13 221 751 1792 1183 1861 905 376 1896 1200 352 570 669 600 364 612 933 107 628 1544 1009 1769 1811 1268 1307 1883 660 969 829 1636 1786 706 1918 1360 1821 73 1115 411 1073 1040 495 1039 1405 529 590 1320 449 1741 1571 1873 1653 991 311 1410 131 211 1472 674 923 312 1981 1805 120 1690 1379 1304 191 1915 1745 940 580 512 588 863 335 747 968 836 509 670 359 1074 1889 338 1186 1572 576 1840 155 815 1912 1307 195 1737 657 1930 1363 1983 347 431 1593 163 1324 299 283 1093 1443 947 434 1609 936 1250 1695 1493 1835 1053 1386 1405 1281 89 1844 127 516 152 1475 1914 412 1489 1477 1582 5 327 404 1 1750 1283 185 685 1832 1841 363 1998 1344 601 1585 30 364 787 699 1736 800 790 836 1233 1150 1616 1400 1359 661 1899 122 655 833 753 1564 349 779 1313 1492 1132 456 189 446 278 885 1520 1798 1111 1584 134 1634 119 476 1035 1590 1944 1252 1420 1946 844 726 264 1452 214 469 1758 1415 1805 1998 1854 1300 602 1976 551 799 878 60 324 1613 1610 1910 602 1876 1940 870 214 894 1151 436 667 1627 266 280 525 1731 1621 230 899 709 1417 1022 490 713 1849 1644 1417 201 1830 1641 1043 701 1380 1397 650 1498 1314 1461 805 459 144 1709 429 899 1488 1460 1856 515 1721 363 1937 1093 118 445 156 363 433 1586 732 1586 1154 538 1026 534 947 1886 241 1595 1686 1451 218 149 1643 1889 135 1417 511 1696 83 1052 135 733 135 1890 1974 1811 1676 59 1578 901 1564 569 483 1212 1196 342 1069 110 88 1514 577 1386 240 1490 359 519 1462 607 328 695 600 756 1559 1680 1284 928 314 1861 167 1215 1314 1142 1940 991 1751 103 1938 1359 1819 1528 1511 675 1207 1782 1207 517 569 90 212 1109 1962 1991 632 813 211 1770 489 319 828 1834 284 605 460 766 1340 1800 755 1303 781 522 1044 163 1479 602 391 864 1852 291 100 1633 56 1533 947 1251 1439 1396 1603 1776 1585 1256 1726 1030 1052 300 1386 634 173 1242 505 84 1116 1442 1579 785 1821 664 1781 1507 1370 1339 1763 698 131 731 294 655 1829 1119 192 250 525 1338 1037 1048 1633 41 1298 1308 1580 930 1926 1068 510 1694 443 1794 256 628 441 1444 1860 1907 553 484 137 950 1182 312 1967 1363 564 25 1281 1302 326 1377 1841 1472 1401 1739 1331 1851 683 1201 785 728 1710 189 1424 1249 405 802 1759 879 1305 686 957 222 854 1752 63 1140 804 1072 1656 468 597 415 974 1318 32 77 1892 1639 1209 838 1363 417 243 1641 1626 637 1555 763 1064 1102 1423 515 1352 1248 1159 85 1455 912 1327 267 705 1346 863 951 1191 554 704 706 703 932 1955 1783 1612 1553 829 723 1495 1520 1540 1720 1993 935 1567 1669 562 625 752 92 1456 538 939 814 516 1370 1885 545 1762 1022 472 1852 65 161 1176 518 1052 406 1395 508 1629 1733 1222 52 673 1327 966 1480 1132 678 1831 215 1451 1226 374 837 977 17 1395 133 109 1954 1034 764 713 198 930 1456 1980 879 561 427 1766 1520 1888 1201 1989 1625 991 910 1326 1344 1193 271 1051 1825 1985 346 1906 1522 1224 1052 1979 1233 1318 1204 795 1179 828 679 1200 988 1040 371 309 1518 590 1292 1885 587 438 1165 1342 1874 352 296 600 1135 367 585 812 24 1076 39 945 1152 1538 1950 1015 1471 556 969 306 1192 1244 1357 1881 256 1186 577 620 421 1054 1168 164 1603 391 184 544 1350 1767 351 127 1450 793 1556 1056 1869 997 743 948 1883 1180 290 973 1467 701 1349 1311 919 745 1237 555 227 1719 1721 1196 163 623 114 814 1864 968 1456 1662 666 91 688 624 109 1655 897 1189 1206 1070 1216 1314 1587 1710 48 19 451 1224 435 1328 1712 773 1942 1507 65 20 209 1069 224 1170 1389 360 1530 733 1262 889 677 1295 1621 1476 964 671 1758 1527 13 558 371 433 1913 1072 242 1983 204 1510 353 1580 1111 1485 1221 1710 1531 1937 1961 1197 667 1775 705 1396 1322 1201 1982 1523 570 371 447 402 1844 1077 1587 1421 920 1868 814 175 1557 1670 423 423 374 1828 1548 977 700 19 1479 965 640 127 505 96 647 889 1459 484 1460 102 808 850 1223 1170 500 664 794 1179 1064 144 796 1460 703 1534 820 1291 1078 902 1102 1755 1318 1890 20 1021 370 714 601 1481 1350 228 821 691 499 144 381 1161 1922 250 5 577 1875 893 961 1710 717 1285 312 1648 1321 1039 522 241 875 795 791 1970 1026 1360 474 858 1593 1285 432 965 1477 50 655 242 863 456 1167 1367 68 1701 856 1051 799 1931 372 1022 564 914 1130 392 287 762 1353 470 1314 1239 1281 1559 1361 888 70 341 49 1731 1564 376 1669 67 1094 934 1666 127 1282 997 731 526 1815 3 235 109 1651 1363 1023 404 830 297 1568 993 304 517 228 1010 511 228 1465 1179 1685 721 1225 996 1456 493 950 456 113 1446 608 1483 1550 1541 675 1456 1485 732 1285 459 1689 1214 1876 1239 1776 1765 710 1651 1250 157 436 737 304 1316 777 452 128 1594 1754 1198 452 227 1641 268 76 1012 318 846 598 1477 1624 188 320 567 914 433 159 1302 404 447 1534 311 703 1648 885 1620 1842 1635 1517 1263 41 1526 425 46 1044 1061 1381 566 650 953 133 423 293 1663 292 375 393 559 148 775 1026 477 830 1455 980 754 1595 1994 60 28 1140 19 1783 25 993 327 1909 307 1681 1464 315 1361 1066 1737 1185 110 1354 1453 596 1151 222 79 178 399 416 348 804 963 1783 1848 572 500 1373 1521 374 1021 708 986 384 1299 804 538 1179 592 1009 1486 1328 374 1683 1765 1379 630 340 1758 419 1213 516 209 1855 1093 341 1853 1529 942 565 1866 864 1700 795 736 679 664 424 728 1556 1699 1026 753 124 1302 356 1852 279 155 1593 1414 170 671 1863 950 576 1045 1409 93 1572 255 1650 1048 1093 1280 350 196 1085 936 180 70 1314 925 639 1411 1858 622 93 1770 202 284 1155 1865 1091 1348 1612 1788 779 892 1563 1949 1332 1785 1178 1031 1633 1061 1720 1541 1316 293 194 1836 222 1309 780 1529 824 734 38 1873 455 14 775 972 1117 161 428 354 916 1118 1707 1949 1016 495 1470 1917 1809 1623 1789 1414 506 743 269 438 1567 1238 1988 1147 1390 1369 1393 600 568 1760 1192 1710 578 928 663 1029 1150 1194 1451 166 1127 1733 509 429 940 1688 633 1394 744 1989 960 559 533 669 1914 1702 845 1208 949 98 265 300 119 1058 122 1067 1986 1289 635 434 161 59 986 425 689 1452 393 1586 1959 1692 1053 168 1502 1772 1036 483 1133 868 1472 969 1972 679 1969 644 515 1103 792 1403 952 471 223 1158 598 1116 809 1725 858 162 59 729 612 982 919 390 1449 1489 605 1791 518 228 109 860 460 769 1461 1342 1935 378 1802 777 273 1904 397 158 1492 1616 1341 411 941 1289 498 1106 1548 254 1828 271 1495 1196 1286 1819 1370 955 1381 705 1247 1161 1895 261 1534 419 1324 1049 84 1313 437 119 939 1519 1936 916 1700 720 1163 1990 64 807 1178 1194 1766 677 229 537 860 423 769 943 1022 310 1905 1040 1781 858 92 185 147 975 1561 684 1995 239 1463 548 1738 771 1406 1297 34 963 464 178 334 1644 1238 432 1582 1992 694 1264 1460 1105 1765 590 252 26 91 1116 229 1228 670 1843 67 1054 904 1250 468 515 1500 990 348 218 1963 1665 340 1587 1387 1199 1051 375 40 1633 1374 851 586 1754 1144 1187 1919 1535 1456 1466 1362 1382 282 803 542
1
2
3
4
5
6
7
8
9
10
11
12
13
14
15
16
17
18
19
20
21
22
23
24
25
26
27
28
29
30
31
32
33
34
35
36
37
38
39
40
41
42
43
44
45
46
47
48
49
50
51
52
53
54
55
56
57
58
59
60
61
62
63
64
65
66
67
68
69
70
71
72
73
74
75
76
77
78
79
80
81
82
83
84
85
86
87
88
89
90
91
92
93
94
95
96
97
98
99
100
101
102
103
104
105
106
107
108
109
110
111
112
113
114
115
116
117
118
119
120
121
122
123
124
125
126
127
128
129
130
131
132
133
134
135
136
137
138
139
140
141
142
143
144
145
146
147
148
149
150
151
152
153
154
155
156
157
158
159
160
161
162
163
164
165
166
167
168
169
170
171
172
173
174
175
176
177
178
179
180
181
182
183
184
185
186
187
188
189
190
191
192
193
194
195
196
197
198
199
200
201
202
203
204
205
206
207
208
209
210
211
212
213
214
215
216
217
218
219
220
221
222
223
224
225
226
227
228
229
230
231
232
233
234
235
236
237
238
239
240
241
242
243
244
245
246
247
248
249
250
251
252
253
254
255
256
257
258
259
260
261
262
263
264
265
266
267
268
269
270
271
272
273
274
275
276
277
278
279
280
281
282
283
284
285
286
287
288
289
290
291
292
293
294
295
296
297
298
299
300
301
302
303
304
305
306
307
308
309
310
311
312
313
314
315
316
317
318
319
320
321
322
323
324
325
326
327
328
329
330
331
332
333
334
335
336
337
338
339
340
341
342
343
344
345
346
347
348
349
350
351
352
353
354
355
356
357
358
359
360
361
362
363
364
365
366
367
368
369
370
371
372
373
374
375
376
377
378
379
380
381
382
383
384
385
386
387
388
389
390
391
392
393
394
395
396
397
398
399
400
401
402
403
404
405
406
407
408
409
410
411
412
413
414
415
416
417
418
419
420
421
422
423
424
425
426
427
428
429
430
431
432
433
434
435
436
437
438
439
440
441
442
443
444
445
446
447
448
449
450
451
452
453
454
455
456
457
458
459
460
461
462
463
464
465
466
467
468
469
470
471
472
473
474
475
476
477
478
479
480
481
482
483
484
485
486
487
488
489
490
491
492
493
494
495
496
497
498
499
500
501
502
503
504
505
506
507
508
509
510
511
512
513
514
515
516
517
518
519
520
521
522
523
524
525
526
527
528
529
530
531
532
533
534
535
536
537
538
539
540
541
542
543
544
545
546
547
548
549
550
551
552
553
554
555
556
557
558
559
560
561
562
563
564
565
566
567
568
569
570
571
572
573
574
575
576
577
578
579
580
581
582
583
584
585
586
587
588
589
590
591
592
593
594
595
596
597
598
599
600
601
602
603
604
605
606
607
608
609
610
611
612
613
614
615
616
617
618
619
620
621
622
623
624
625
626
627
628
629
630
631
632
633
634
635
636
637
638
639
640
641
642
643
644
645
646
647
648
649
650
651
652
653
654
655
656
657
658
659
660
661
662
663
664
665
666
667
668
669
670
671
672
673
674
675
676
677
678
679
680
681
682
683
684
685
686
687
688
689
690
691
692
693
694
695
696
697
698
699
700
701
702
703
704
705
706
707
708
709
710
711
712
713
714
715
716
717
718
719
720
721
722
723
724
725
726
727
728
729
730
731
732
733
734
735
736
737
738
739
740
741
742
743
744
745
746
747
748
749
750
751
752
753
754
755
756
757
758
759
760
761
762
763
764
765
766
767
768
769
770
771
772
773
774
775
776
777
778
779
780
781
782
783
784
785
786
787
788
789
790
791
792
793
794
795
796
797
798
799
800
801
802
803
804
805
806
807
808
809
810
811
812
813
814
815
816
817
818
819
820
821
822
823
824
825
826
827
828
829
830
831
832
833
834
835
836
837
838
839
840
841
842
843
844
845
846
847
848
849
850
851
852
853
854
855
856
857
858
859
860
861
862
863
864
865
866
867
868
869
870
871
872
873
874
875
876
877
878
879
880
881
882
883
884
885
886
887
888
889
890
891
892
893
894
895
896
897
898
899
900
901
902
903
904
905
906
907
908
909
910
911
912
913
914
915
916
917
918
919
920
921
922
923
924
925
926
927
928
929
930
931
932
933
934
935
936
937
938
939
940
941
942
943
944
945
946
947
948
949
950
951
952
953
954
955
956
957
958
959
960
961
962
963
964
965
966
967
968
969
970
971
972
973
974
975
976
977
978
979
980
981
982
983
984
985
986
987
988
989
990
991
992
993
994
995
996
997
998
999
1000
1001
1002
1003
1004
1005
1006
1007
1008
1009
1010
1011
1012
1013
1014
1015
1016
1017
1018
1019
1020
1021
1022
1023
1024
1025
1026
1027
1028
1029
1030
1031
1032
1033
1034
1035
1036
1037
1038
1039
1040
1041
1042
1043
1044
1045
1046
1047
1048
1049
1050
1051
1052
1053
1054
1055
1056
1057
1058
1059
1060
1061
1062
1063
1064
1065
1066
1067
1068
1069
1070
1071
1072
1073
1074
1075
1076
1077
1078
1079
1080
1081
1082
1083
1084
1085
1086
1087
1088
1089
1090
1091
1092
1093
1094
1095
1096
1097
1098
1099
1100
1101
1102
1103
1104
1105
1106
1107
1108
1109
1110
1111
1112
1113
1114
1115
1116
1117
1118
1119
1120
1121
1122
1123
1124
1125
1126
1127
1128
1129
1130
1131
1132
1133
1134
1135
1136
1137
1138
1139
1140
1141
1142
1143
1144
1145
1146
1147
1148
1149
1150
1151
1152
1153
1154
1155
1156
1157
1158
1159
1160
1161
1162
1163
1164
1165
1166
1167
1168
1169
1170
1171
1172
1173
1174
1175
1176
1177
1178
1179
1180
1181
1182
1183
1184
1185
1186
1187
1188
1189
1190
1191
1192
1193
1194
1195
1196
1197
1198
1199
1200
1201
1202
1203
1204
1205
1206
1207
1208
1209
1210
1211
1212
1213
1214
1215
1216
1217
1218
1219
1220
1221
1222
1223
1224
1225
1226
1227
1228
1229
1230
1231
1232
1233
1234
1235
1236
1237
1238
1239
1240
1241
1242
1243
1244
1245
1246
1247
1248
1249
1250
1251
1252
1253
1254
1255
1256
1257
1258
1259
1260
1261
1262
1263
1264
1265
1266
1267
1268
1269
1270
1271
1272
1273
1274
1275
1276
1277
1278
1279
1280
1281
1282
1283
1284
1285
1286
1287
1288
1289
1290
1291
1292
1293
1294
1295
1296
1297
1298
1299
1300
1301
1302
1303
1304
1305
1306
1307
1308
1309
1310
1311
1312
1313
1314
1315
1316
1317
1318
1319
1320
1321
1322
1323
1324
1325
1326
1327
1328
1329
1330
1331
1332
1333
1334
1335
1336
1337
1338
1339
1340
1341
1342
1343
1344
1345
1346
1347
1348
1349
1350
1351
1352
1353
1354
1355
1356
1357
1358
1359
1360
1361
1362
1363
1364
1365
1366
1367
1368
1369
1370
1371
1372
1373
1374
1375
1376
1377
1378
1379
1380
1381
1382
1383
1384
1385
1386
1387
1388
1389
1390
1391
1392
1393
1394
1395
1396
1397
1398
1399
1400
1401
1402
1403
1404
1405
1406
1407
1408
1409
1410
1411
1412
1413
1414
1415
1416
1417
1418
1419
1420
1421
1422
1423
1424
1425
1426
1427
1428
1429
1430
1431
1432
1433
1434
1435
1436
1437
1438
1439
1440
1441
1442
1443
1444
1445
1446
1447
1448
1449
1450
1451
1452
1453
1454
1455
1456
1457
1458
1459
1460
1461
1462
1463
1464
1465
1466
1467
1468
1469
1470
1471
1472
1473
1474
1475
1476
1477
1478
1479
1480
1481
1482
1483
1484
1485
1486
1487
1488
1489
1490
1491
1492
1493
1494
1495
1496
1497
1498
1499
1500
1501
1502
1503
1504
1505
1506
1507
1508
1509
1510
1511
1512
1513
1514
1515
1516
1517
1518
1519
1520
1521
1522
1523
1524
1525
1526
1527
1528
1529
1530
1531
1532
1533
1534
1535
1536
1537
1538
1539
1540
1541
1542
1543
1544
1545
1546
1547
1548
1549
1550
1551
1552
1553
1554
1555
1556
1557
1558
1559
1560
1561
1562
1563
1564
1565
1566
1567
1568
1569
1570
1571
1572
1573
1574
1575
1576
1577
1578
1579
1580
1581
1582
1583
1584
1585
1586
1587
1588
1589
1590
1591
1592
1593
1594
1595
1596
1597
1598
1599
1600
1601
1602
1603
1604
1605
1606
1607
1608
1609
1610
1611
1612
1613
1614
1615
1616
1617
1618
1619
1620
1621
1622
1623
1624
1625
1626
1627
1628
1629
1630
1631
1632
1633
1634
1635
1636
1637
1638
1639
1640
1641
1642
1643
1644
1645
1646
1647
1648
1649
1650
1651
1652
1653
1654
1655
1656
1657
1658
1659
1660
1661
1662
1663
1664
1665
1666
1667
1668
1669
1670
1671
1672
1673
1674
1675
1676
1677
1678
1679
1680
1681
1682
1683
1684
1685
1686
1687
1688
1689
1690
1691
1692
1693
1694
1695
1696
1697
1698
1699
1700
1701
1702
1703
1704
1705
1706
1707
1708
1709
1710
1711
1712
1713
1714
1715
1716
1717
1718
1719
1720
1721
1722
1723
1724
1725
1726
1727
1728
1729
1730
1731
1732
1733
1734
1735
1736
1737
1738
1739
1740
1741
1742
1743
1744
1745
1746
1747
1748
1749
1750
1751
1752
1753
1754
1755
1756
1757
1758
1759
1760
1761
1762
1763
1764
1765
1766
1767
1768
1769
1770
1771
1772
1773
1774
1775
1776
1777
1778
1779
1780
1781
1782
1783
1784
1785
1786
1787
1788
1789
1790
1791
1792
1793
1794
1795
1796
1797
1798
1799
1800
1801
1802
1803
1804
1805
1806
1807
1808
1809
1810
1811
1812
1813
1814
1815
1816
1817
1818
1819
1820
1821
1822
1823
1824
1825
1826
1827
1828
1829
1830
1831
1832
1833
1834
1835
1836
1837
1838
1839
1840
1841
1842
1843
1844
1845
1846
1847
1848
1849
1850
1851
1852
1853
1854
1855
1856
1857
1858
1859
1860
1861
1862
1863
1864
1865
1866
1867
1868
1869
1870
1871
1872
1873
1874
1875
1876
1877
1878
1879
1880
1881
1882
1883
1884
1885
1886
1887
1888
1889
1890
1891
1892
1893
1894
1895
1896
1897
1898
1899
1900
1901
1902
1903
1904
1905
1906
1907
1908
1909
1910
1911
1912
1913
1914
1915
1916
1917
1918
1919
1920
1921
1922
1923
1924
1925
1926
1927
1928
1929
1930
1931
1932
1933
1934
1935
1936
1937
1938
1939
1940
1941
1942
1943
1944
1945
1946
1947
1948
1949
1950
1951
1952
1953
1954
1955
1956
1957
1958
1959
1960
1961
1962
1963
1964
1965
1966
1967
1968
1969
1970
1971
1972
1973
1974
1975
1976
1977
1978
1979
1980
1981
1982
1983
1984
1985
1986
1987
1988
1989
1990
1991
1992
1993
1994
1995
1996
1997
1998
1999
